+-----------------+-----------+-----------+-----------+-----------+-----------+-----------+--------------+-------------+-----------+-----------------+------------------+-------------------+---------------------+------------------+------------------+-----------+----------------+----------------+-------------+-------------+
| Experiment      |    RPRCON |   ENTRORG |   DETRPEN |    ENTRDD |   RMFDEPS |     RVICE |   RLCRITSNOW |   RSNOWLIN2 |   RCLDIFF |   RCLDIFF_CONVI |   RDEPLIQREFRATE |   RDEPLIQREFDEPTH |   RCL_OVERLAPLIQICE |   RCL_INHOMOGAUT |   RCL_INHOMOGACC |   RMINICE |   net_toa_Bias |   net_toa_RMSE |   rsnt_Bias |   rsnt_RMSE |
|-----------------+-----------+-----------+-----------+-----------+-----------+-----------+--------------+-------------+-----------+-----------------+------------------+-------------------+---------------------+------------------+------------------+-----------+----------------+----------------+-------------+-------------|
| REFERENCE_OIFS  | 1.400e-03 | 1.750e-03 | 7.500e-05 | 3.000e-04 | 3.000e-01 | 1.300e-01 |    2.000e-05 |   3.000e-02 | 6.000e-06 |       1.000e+01 |        5.000e-01 |         5.000e+02 |           6.500e-01 |        1.500e+00 |        3.000e+00 | 6.000e+01 |    nan         |    nan         | nan         | nan         |
| tuned_phis_a000 | 1.052e-03 | 1.410e-03 | 1.120e-04 | 2.410e-04 | 4.036e-01 | 2.079e-01 |    1.064e-05 |   1.548e-02 | 2.402e-06 |       8.938e+00 |        6.755e-01 |         4.596e+02 |           2.631e-01 |        1.260e+00 |        2.949e+00 | 7.463e+01 |      2.528e+00 |      9.283e+00 |  -4.751e-01 |   1.042e+01 |
| tuned_phis_a010 | 1.045e-03 | 1.499e-03 | 1.124e-04 | 2.395e-04 | 4.166e-01 | 2.063e-01 |    8.007e-06 |   1.678e-02 | 2.443e-06 |       8.696e+00 |        6.726e-01 |         4.534e+02 |           2.608e-01 |        1.143e+00 |        3.088e+00 | 8.548e+01 |      2.138e+00 |      9.239e+00 |  -3.380e-04 |   1.052e+01 |
| tuned_phis_a012 | 1.296e-03 | 1.414e-03 | 1.170e-04 | 2.440e-04 | 4.030e-01 | 2.077e-01 |    8.006e-06 |   2.121e-02 | 2.702e-06 |       8.557e+00 |        6.602e-01 |         4.580e+02 |           2.602e-01 |        1.360e+00 |        2.622e+00 | 8.187e+01 |      2.130e+00 |      9.335e+00 |  -1.344e-03 |   1.047e+01 |
| tuned_phis_a015 | 1.302e-03 | 1.379e-03 | 1.159e-04 | 2.263e-04 | 3.880e-01 | 2.026e-01 |    8.059e-06 |   1.422e-02 | 3.715e-06 |       8.844e+00 |        6.652e-01 |         4.460e+02 |           2.601e-01 |        1.342e+00 |        2.317e+00 | 7.166e+01 |      1.737e+00 |      9.334e+00 |  -7.000e-06 |   1.055e+01 |
| tuned_phis_a017 | 1.129e-03 | 1.690e-03 | 1.135e-04 | 2.200e-04 | 4.323e-01 | 2.005e-01 |    8.518e-06 |   1.300e-02 | 3.545e-06 |       8.524e+00 |        6.560e-01 |         4.544e+02 |           2.603e-01 |        1.067e+00 |        3.245e+00 | 7.710e+01 |      1.623e+00 |      9.313e+00 |  -1.300e-05 |   1.061e+01 |
| tuned_phis_a020 | 1.104e-03 | 1.346e-03 | 1.148e-04 | 1.811e-04 | 3.911e-01 | 2.015e-01 |    9.750e-06 |   1.436e-02 | 2.728e-06 |       9.028e+00 |        6.479e-01 |         4.408e+02 |           2.610e-01 |        1.300e+00 |        2.346e+00 | 9.214e+01 |      1.362e+00 |      9.261e+00 |  -4.600e-05 |   1.067e+01 |
| tuned_phis_a030 | 1.298e-03 | 1.666e-03 | 9.766e-05 | 1.609e-04 | 3.544e-01 | 2.074e-01 |    8.000e-06 |   1.273e-02 | 4.640e-06 |       8.577e+00 |        6.691e-01 |         4.296e+02 |           2.623e-01 |        1.239e+00 |        2.685e+00 | 6.415e+01 |      1.305e+00 |      9.467e+00 |  -3.400e-05 |   1.064e+01 |
| tuned_phis_a040 | 2.077e-03 | 1.752e-03 | 1.116e-04 | 2.479e-04 | 4.148e-01 | 2.052e-01 |    8.150e-06 |   1.218e-02 | 6.913e-06 |       9.295e+00 |        6.909e-01 |         4.339e+02 |           2.603e-01 |        1.761e+00 |        1.656e+00 | 3.086e+01 |      2.197e-01 |      1.034e+01 |  -8.000e-05 |   1.119e+01 |
| tuned_phis_a050 | 1.107e-03 | 2.190e-03 | 9.447e-05 | 2.464e-04 | 4.413e-01 | 2.064e-01 |    1.003e-05 |   1.263e-02 | 2.474e-06 |       1.045e+01 |        4.823e-01 |         5.163e+02 |           4.112e-01 |        1.307e+00 |        3.620e+00 | 8.511e+01 |      3.042e-01 |      9.901e+00 |   6.216e-02 |   1.109e+01 |
| tuned_phis_a060 | 2.171e-03 | 1.710e-03 | 1.187e-04 | 1.448e-04 | 4.318e-01 | 1.995e-01 |    1.508e-05 |   1.751e-02 | 7.925e-06 |       5.160e+00 |        6.579e-01 |         4.313e+02 |           4.734e-01 |        9.521e-01 |        1.689e+00 | 4.941e+01 |     -9.600e-05 |      1.055e+01 |  -0.000e+00 |   1.132e+01 |
| tuned_phis_a070 | 1.294e-03 | 2.057e-03 | 8.173e-05 | 2.820e-04 | 3.887e-01 | 2.031e-01 |    1.987e-05 |   1.342e-02 | 4.589e-06 |       1.224e+01 |        7.161e-01 |         4.904e+02 |           6.012e-01 |        7.231e-01 |        2.586e+00 | 8.836e+01 |     -1.184e-02 |      1.033e+01 |  -1.000e-06 |   1.135e+01 |
| tuned_phis_a080 | 1.559e-03 | 2.297e-03 | 1.138e-04 | 2.347e-04 | 4.199e-01 | 1.274e-01 |    1.409e-05 |   1.407e-02 | 4.067e-06 |       8.235e+00 |        5.803e-01 |         2.634e+02 |           3.081e-01 |        1.264e+00 |        3.141e+00 | 9.458e+01 |     -1.000e-06 |      1.050e+01 |  -6.000e-06 |   1.143e+01 |
| tuned_phis_a090 | 2.110e-03 | 1.927e-03 | 5.700e-05 | 2.987e-04 | 3.977e-01 | 2.062e-01 |    1.807e-05 |   3.423e-02 | 7.906e-06 |       1.204e+01 |        4.902e-01 |         2.930e+02 |           3.287e-01 |        7.790e-01 |        1.455e+00 | 8.471e+01 |      9.000e-06 |      1.086e+01 |  -2.000e-06 |   1.206e+01 |
| tuned_phis_a095 | 1.928e-03 | 2.170e-03 | 5.821e-05 | 4.462e-04 | 4.255e-01 | 2.052e-01 |    2.246e-05 |   1.350e-02 | 7.105e-06 |       7.005e+00 |        2.233e-01 |         6.207e+02 |           5.479e-01 |        2.025e+00 |        1.695e+00 | 4.757e+01 |     -4.700e-05 |      1.115e+01 |  -0.000e+00 |   1.212e+01 |
| tuned_phis_a099 | 1.925e-03 | 2.662e-03 | 7.526e-05 | 2.419e-04 | 3.276e-01 | 1.537e-01 |    9.894e-06 |   2.320e-02 | 7.831e-06 |       1.140e+01 |        6.003e-01 |         6.665e+02 |           6.316e-01 |        1.338e+00 |        2.687e+00 | 6.697e+01 |     -0.000e+00 |      1.168e+01 |  -9.960e-04 |   1.220e+01 |
| tuned_phis_a100 | 1.487e-03 | 2.730e-03 | 6.582e-05 | 4.723e-04 | 1.284e-01 | 2.042e-01 |    1.290e-05 |   2.486e-02 | 8.700e-06 |       1.396e+01 |        2.076e-01 |         2.423e+02 |           8.073e-01 |        1.148e+00 |        2.323e+00 | 7.614e+01 |     -2.000e-06 |      1.258e+01 |  -0.000e+00 |   1.386e+01 |
+-----------------+-----------+-----------+-----------+-----------+-----------+-----------+--------------+-------------+-----------+-----------------+------------------+-------------------+---------------------+------------------+------------------+-----------+----------------+----------------+-------------+-------------+