+-----------------+-----------+-----------+-----------+-----------+-----------+-----------+--------------+-------------+-----------+-----------------+------------------+-------------------+---------------------+------------------+------------------+-----------+----------------+----------------+-------------+-------------+
| Experiment      |    RPRCON |   ENTRORG |   DETRPEN |    ENTRDD |   RMFDEPS |     RVICE |   RLCRITSNOW |   RSNOWLIN2 |   RCLDIFF |   RCLDIFF_CONVI |   RDEPLIQREFRATE |   RDEPLIQREFDEPTH |   RCL_OVERLAPLIQICE |   RCL_INHOMOGAUT |   RCL_INHOMOGACC |   RMINICE |   net_toa_Bias |   net_toa_RMSE |   rlnt_Bias |   rlnt_RMSE |
|-----------------+-----------+-----------+-----------+-----------+-----------+-----------+--------------+-------------+-----------+-----------------+------------------+-------------------+---------------------+------------------+------------------+-----------+----------------+----------------+-------------+-------------|
| REFERENCE_OIFS  | 1.400e-03 | 1.750e-03 | 7.500e-05 | 3.000e-04 | 3.000e-01 | 1.300e-01 |    2.000e-05 |   3.000e-02 | 6.000e-06 |       1.000e+01 |        5.000e-01 |         5.000e+02 |           6.500e-01 |        1.500e+00 |        3.000e+00 | 6.000e+01 |    nan         |    nan         | nan         | nan         |
| tuned_phis_a000 | 9.812e-04 | 1.254e-03 | 1.200e-04 | 2.111e-04 | 4.202e-01 | 2.080e-01 |    1.113e-05 |   1.206e-02 | 5.296e-06 |       1.116e+01 |        6.795e-01 |         5.463e+02 |           4.971e-01 |        1.460e+00 |        1.920e+00 | 8.412e+01 |      1.862e+00 |      9.352e+00 |   2.226e+00 |   8.391e+00 |
| tuned_phis_a010 | 1.035e-03 | 1.219e-03 | 1.200e-04 | 1.941e-04 | 4.082e-01 | 2.080e-01 |    9.833e-06 |   1.202e-02 | 5.202e-06 |       1.111e+01 |        6.800e-01 |         5.383e+02 |           4.626e-01 |        1.368e+00 |        1.608e+00 | 8.768e+01 |      1.180e+00 |      9.375e+00 |   1.663e+00 |   8.439e+00 |
| tuned_phis_a012 | 9.991e-04 | 1.231e-03 | 1.198e-04 | 1.929e-04 | 4.063e-01 | 2.079e-01 |    9.240e-06 |   1.200e-02 | 5.180e-06 |       1.102e+01 |        6.778e-01 |         5.302e+02 |           4.688e-01 |        1.375e+00 |        1.593e+00 | 9.055e+01 |      1.039e+00 |      9.380e+00 |   1.554e+00 |   8.463e+00 |
| tuned_phis_a015 | 9.860e-04 | 1.245e-03 | 1.200e-04 | 1.876e-04 | 4.037e-01 | 2.078e-01 |    8.473e-06 |   1.200e-02 | 5.236e-06 |       1.091e+01 |        6.765e-01 |         5.270e+02 |           4.614e-01 |        1.341e+00 |        1.542e+00 | 9.319e+01 |      7.853e-01 |      9.401e+00 |   1.351e+00 |   8.515e+00 |
| tuned_phis_a017 | 1.009e-03 | 1.225e-03 | 1.198e-04 | 1.829e-04 | 4.002e-01 | 2.078e-01 |    8.094e-06 |   1.202e-02 | 5.154e-06 |       1.100e+01 |        6.804e-01 |         5.250e+02 |           4.508e-01 |        1.311e+00 |        1.443e+00 | 9.393e+01 |      6.116e-01 |      9.428e+00 |   1.189e+00 |   8.551e+00 |
| tuned_phis_a020 | 1.017e-03 | 1.228e-03 | 1.200e-04 | 1.773e-04 | 3.966e-01 | 2.080e-01 |    8.024e-06 |   1.205e-02 | 5.125e-06 |       1.094e+01 |        6.779e-01 |         5.217e+02 |           4.431e-01 |        1.305e+00 |        1.342e+00 | 9.590e+01 |      3.386e-01 |      9.479e+00 |   1.007e+00 |   8.603e+00 |
| tuned_phis_a030 | 1.145e-03 | 1.378e-03 | 1.115e-04 | 1.882e-04 | 4.191e-01 | 2.075e-01 |    8.172e-06 |   1.261e-02 | 5.602e-06 |       1.205e+01 |        7.492e-01 |         5.365e+02 |           3.690e-01 |        1.157e+00 |        1.484e+00 | 9.599e+01 |     -7.000e-06 |      9.577e+00 |   2.474e-01 |   8.923e+00 |
| tuned_phis_a040 | 1.612e-03 | 1.492e-03 | 1.146e-04 | 1.862e-04 | 3.964e-01 | 2.039e-01 |    8.973e-06 |   2.303e-02 | 3.841e-06 |       9.816e+00 |        7.248e-01 |         5.155e+02 |           4.543e-01 |        9.999e-01 |        1.636e+00 | 9.486e+01 |     -0.000e+00 |      9.901e+00 |   5.500e-05 |   9.233e+00 |
| tuned_phis_a050 | 1.794e-03 | 1.610e-03 | 1.113e-04 | 1.522e-04 | 3.417e-01 | 1.811e-01 |    9.352e-06 |   1.979e-02 | 4.094e-06 |       1.506e+01 |        4.749e-01 |         5.976e+02 |           3.200e-01 |        2.009e+00 |        1.268e+00 | 7.582e+01 |      1.177e-01 |      1.019e+01 |   5.305e-01 |   9.528e+00 |
| tuned_phis_a060 | 1.383e-03 | 2.546e-03 | 1.143e-04 | 1.252e-04 | 4.658e-01 | 1.750e-01 |    9.769e-06 |   1.530e-02 | 5.456e-06 |       6.707e+00 |        7.897e-01 |         5.758e+02 |           3.473e-01 |        1.096e+00 |        4.098e+00 | 8.305e+01 |     -3.000e-06 |      1.062e+01 |   7.890e-04 |   1.051e+01 |
| tuned_phis_a070 | 1.566e-03 | 1.997e-03 | 1.015e-04 | 1.600e-04 | 4.785e-01 | 1.962e-01 |    1.587e-05 |   1.333e-02 | 3.539e-06 |       1.271e+01 |        6.109e-01 |         6.197e+02 |           3.419e-01 |        1.117e+00 |        2.923e+00 | 7.595e+01 |     -2.000e-06 |      1.013e+01 |  -1.348e-03 |   9.944e+00 |
| tuned_phis_a080 | 1.935e-03 | 2.131e-03 | 7.188e-05 | 2.795e-04 | 4.729e-01 | 1.675e-01 |    1.029e-05 |   1.710e-02 | 9.246e-06 |       1.186e+01 |        3.945e-01 |         6.614e+02 |           4.987e-01 |        8.988e-01 |        2.024e+00 | 5.944e+01 |     -1.940e-04 |      1.072e+01 |   7.980e-04 |   1.053e+01 |
| tuned_phis_a090 | 2.096e-03 | 1.722e-03 | 1.163e-04 | 2.391e-04 | 4.769e-01 | 1.616e-01 |    1.305e-05 |   2.811e-02 | 4.563e-06 |       6.463e+00 |        6.056e-01 |         5.177e+02 |           9.174e-01 |        1.230e+00 |        1.399e+00 | 9.211e+01 |     -1.600e-05 |      1.097e+01 |   2.000e-06 |   9.804e+00 |
| tuned_phis_a095 | 1.726e-03 | 2.593e-03 | 6.392e-05 | 3.229e-04 | 4.799e-01 | 1.643e-01 |    1.515e-05 |   1.820e-02 | 3.841e-06 |       6.535e+00 |        4.809e-01 |         5.635e+02 |           6.323e-01 |        1.186e+00 |        3.480e+00 | 7.278e+01 |     -2.010e-04 |      1.113e+01 |  -2.782e-03 |   1.108e+01 |
| tuned_phis_a099 | 1.173e-03 | 2.047e-03 | 9.020e-05 | 1.507e-04 | 1.653e-01 | 1.890e-01 |    1.532e-05 |   1.388e-02 | 8.519e-06 |       1.597e+01 |        2.545e-01 |         6.462e+02 |           3.713e-01 |        2.345e+00 |        1.384e+00 | 9.441e+01 |     -1.479e-03 |      1.077e+01 |  -0.000e+00 |   1.076e+01 |
| tuned_phis_a100 | 1.963e-03 | 2.796e-03 | 8.502e-05 | 3.804e-04 | 1.270e-01 | 1.454e-01 |    2.655e-05 |   2.957e-02 | 7.213e-06 |       6.152e+00 |        5.772e-01 |         5.901e+02 |           5.136e-01 |        1.041e+00 |        2.486e+00 | 9.337e+01 |     -0.000e+00 |      1.278e+01 |  -8.000e-06 |   1.360e+01 |
+-----------------+-----------+-----------+-----------+-----------+-----------+-----------+--------------+-------------+-----------+-----------------+------------------+-------------------+---------------------+------------------+------------------+-----------+----------------+----------------+-------------+-------------+