+-----------------+-----------+-----------+-----------+-----------+-----------+-----------+--------------+-------------+-----------+-----------------+------------------+-------------------+---------------------+------------------+------------------+-----------+----------------+----------------+-------------+-------------+
| Experiment      |    RPRCON |   ENTRORG |   DETRPEN |    ENTRDD |   RMFDEPS |     RVICE |   RLCRITSNOW |   RSNOWLIN2 |   RCLDIFF |   RCLDIFF_CONVI |   RDEPLIQREFRATE |   RDEPLIQREFDEPTH |   RCL_OVERLAPLIQICE |   RCL_INHOMOGAUT |   RCL_INHOMOGACC |   RMINICE |   net_toa_Bias |   net_toa_RMSE |   swcf_Bias |   swcf_RMSE |
|-----------------+-----------+-----------+-----------+-----------+-----------+-----------+--------------+-------------+-----------+-----------------+------------------+-------------------+---------------------+------------------+------------------+-----------+----------------+----------------+-------------+-------------|
| REFERENCE_OIFS  | 1.400e-03 | 1.750e-03 | 7.500e-05 | 3.000e-04 | 3.000e-01 | 1.300e-01 |    2.000e-05 |   3.000e-02 | 6.000e-06 |       1.000e+01 |        5.000e-01 |         5.000e+02 |           6.500e-01 |        1.500e+00 |        3.000e+00 | 6.000e+01 |    nan         |    nan         | nan         | nan         |
| tuned_phis_a000 | 1.011e-03 | 1.410e-03 | 1.041e-04 | 2.357e-04 | 4.276e-01 | 2.077e-01 |    1.436e-05 |   1.449e-02 | 2.400e-06 |       9.653e+00 |        6.979e-01 |         4.628e+02 |           2.601e-01 |        1.195e+00 |        2.890e+00 | 6.783e+01 |      2.458e+00 |      9.278e+00 |   4.375e-01 |   1.109e+01 |
| tuned_phis_a010 | 1.134e-03 | 1.316e-03 | 1.137e-04 | 2.320e-04 | 4.058e-01 | 2.071e-01 |    1.296e-05 |   1.418e-02 | 2.400e-06 |       9.519e+00 |        6.885e-01 |         4.416e+02 |           2.603e-01 |        1.237e+00 |        2.357e+00 | 6.365e+01 |      1.843e+00 |      9.281e+00 |   0.000e+00 |   1.116e+01 |
| tuned_phis_a012 | 9.941e-04 | 1.339e-03 | 1.085e-04 | 2.121e-04 | 4.344e-01 | 2.068e-01 |    1.261e-05 |   1.469e-02 | 2.400e-06 |       9.641e+00 |        6.641e-01 |         4.510e+02 |           2.601e-01 |        1.178e+00 |        2.453e+00 | 7.614e+01 |      1.605e+00 |      9.204e+00 |   0.000e+00 |   1.126e+01 |
| tuned_phis_a015 | 1.292e-03 | 1.462e-03 | 1.117e-04 | 2.027e-04 | 4.146e-01 | 1.999e-01 |    1.212e-05 |   1.326e-02 | 2.401e-06 |       8.678e+00 |        6.581e-01 |         4.299e+02 |           2.600e-01 |        1.138e+00 |        2.720e+00 | 5.036e+01 |      1.857e+00 |      9.367e+00 |  -0.000e+00 |   1.115e+01 |
| tuned_phis_a017 | 1.310e-03 | 1.505e-03 | 1.059e-04 | 2.228e-04 | 4.553e-01 | 2.035e-01 |    1.016e-05 |   1.960e-02 | 2.545e-06 |       7.976e+00 |        6.665e-01 |         4.406e+02 |           2.601e-01 |        9.336e-01 |        2.867e+00 | 6.084e+01 |      1.845e+00 |      9.329e+00 |  -0.000e+00 |   1.119e+01 |
| tuned_phis_a020 | 1.210e-03 | 1.519e-03 | 1.024e-04 | 2.224e-04 | 4.473e-01 | 1.883e-01 |    1.077e-05 |   1.361e-02 | 3.211e-06 |       8.883e+00 |        6.727e-01 |         4.338e+02 |           2.603e-01 |        1.003e+00 |        2.556e+00 | 6.477e+01 |      1.308e+00 |      9.325e+00 |   0.000e+00 |   1.127e+01 |
| tuned_phis_a030 | 1.011e-03 | 1.893e-03 | 9.668e-05 | 2.342e-04 | 4.521e-01 | 1.927e-01 |    8.000e-06 |   2.194e-02 | 2.400e-06 |       8.285e+00 |        6.715e-01 |         4.323e+02 |           2.615e-01 |        1.084e+00 |        3.286e+00 | 9.070e+01 |      9.654e-01 |      9.407e+00 |  -0.000e+00 |   1.149e+01 |
| tuned_phis_a040 | 1.216e-03 | 1.904e-03 | 6.403e-05 | 2.252e-04 | 4.739e-01 | 1.729e-01 |    8.000e-06 |   1.200e-02 | 3.469e-06 |       1.231e+01 |        7.809e-01 |         4.060e+02 |           3.171e-01 |        1.406e+00 |        2.546e+00 | 6.471e+01 |      4.042e-01 |      9.771e+00 |  -0.000e+00 |   1.157e+01 |
| tuned_phis_a050 | 1.408e-03 | 1.648e-03 | 1.054e-04 | 1.521e-04 | 4.710e-01 | 1.647e-01 |    8.904e-06 |   1.639e-02 | 2.714e-06 |       8.388e+00 |        5.830e-01 |         4.061e+02 |           2.709e-01 |        1.622e+00 |        2.080e+00 | 8.152e+01 |      3.530e-04 |      9.747e+00 |  -0.000e+00 |   1.164e+01 |
| tuned_phis_a060 | 1.668e-03 | 1.745e-03 | 1.108e-04 | 3.751e-04 | 4.382e-01 | 1.707e-01 |    1.467e-05 |   2.738e-02 | 6.908e-06 |       8.489e+00 |        6.320e-01 |         5.974e+02 |           2.758e-01 |        1.048e+00 |        1.362e+00 | 9.231e+01 |      1.690e-04 |      1.020e+01 |  -0.000e+00 |   1.202e+01 |
| tuned_phis_a070 | 1.704e-03 | 2.028e-03 | 1.086e-04 | 1.711e-04 | 4.378e-01 | 1.771e-01 |    1.642e-05 |   1.283e-02 | 3.066e-06 |       1.498e+01 |        6.985e-01 |         4.680e+02 |           5.235e-01 |        1.821e+00 |        2.281e+00 | 4.936e+01 |      3.000e-06 |      1.064e+01 |  -1.800e-05 |   1.175e+01 |
| tuned_phis_a080 | 1.232e-03 | 2.185e-03 | 5.045e-05 | 1.882e-04 | 4.006e-01 | 1.998e-01 |    1.887e-05 |   2.205e-02 | 4.971e-06 |       1.068e+01 |        7.504e-01 |         4.623e+02 |           6.420e-01 |        7.932e-01 |        2.639e+00 | 8.495e+01 |      6.000e-06 |      1.052e+01 |  -0.000e+00 |   1.203e+01 |
| tuned_phis_a090 | 1.755e-03 | 1.918e-03 | 1.032e-04 | 3.444e-04 | 3.926e-01 | 1.878e-01 |    2.575e-05 |   2.353e-02 | 5.300e-06 |       1.238e+01 |        3.714e-01 |         4.020e+02 |           7.670e-01 |        1.626e+00 |        1.271e+00 | 7.702e+01 |     -3.312e-02 |      1.106e+01 |  -0.000e+00 |   1.225e+01 |
| tuned_phis_a095 | 1.955e-03 | 2.417e-03 | 8.466e-05 | 2.002e-04 | 4.521e-01 | 1.100e-01 |    2.063e-05 |   2.287e-02 | 8.292e-06 |       9.414e+00 |        5.609e-01 |         3.028e+02 |           8.171e-01 |        1.149e+00 |        2.120e+00 | 7.362e+01 |     -0.000e+00 |      1.170e+01 |   0.000e+00 |   1.259e+01 |
| tuned_phis_a099 | 1.969e-03 | 2.141e-03 | 7.477e-05 | 2.029e-04 | 3.643e-01 | 9.887e-02 |    1.023e-05 |   2.444e-02 | 6.169e-06 |       1.444e+01 |        4.412e-01 |         6.388e+02 |           7.139e-01 |        1.530e+00 |        1.342e+00 | 7.503e+01 |      1.000e-06 |      1.153e+01 |  -0.000e+00 |   1.265e+01 |
| tuned_phis_a100 | 1.182e-03 | 2.330e-03 | 7.455e-05 | 2.885e-04 | 3.086e-01 | 1.989e-01 |    1.076e-05 |   1.905e-02 | 2.868e-06 |       1.314e+01 |        7.913e-01 |         4.180e+02 |           5.849e-01 |        1.379e+00 |        2.820e+00 | 7.245e+01 |     -0.000e+00 |      1.068e+01 |   0.000e+00 |   1.214e+01 |
+-----------------+-----------+-----------+-----------+-----------+-----------+-----------+--------------+-------------+-----------+-----------------+------------------+-------------------+---------------------+------------------+------------------+-----------+----------------+----------------+-------------+-------------+