tuning:
  namcldp:
    RCLDIFF: 2.9765049956062814e-06
    RCLDIFF_CONVI: 6.987174806364359
    RLCRITSNOW: 2.8319783775471067e-05
    RSNOWLIN2: 0.02919146390793924
    RVICE: 0.1430198931322051
  namcumf:
    DETRPEN: 7.624907076310114e-05
    ENTRDD: 0.00032159232713251297
    ENTRORG: 0.001429185532285213
    RMFDEPS: 0.29525312257268493
    RPRCON: 0.0014138083636721264
