tuning:
  namcldp:
    RCLDIFF: 2.923068971971713e-06
    RCLDIFF_CONVI: 6.948935964247534
    RLCRITSNOW: 2.802110151541429e-05
    RSNOWLIN2: 0.02919323579983687
    RVICE: 0.14511766301451992
  namcumf:
    DETRPEN: 7.576955296012758e-05
    ENTRDD: 0.0003249477034441896
    ENTRORG: 0.0014328720246248245
    RMFDEPS: 0.2954643885628315
    RPRCON: 0.001401467417629435
