+-----------------+-----------+-----------+-----------+-----------+-----------+-----------+--------------+-------------+-----------+-----------------+------------------+-------------------+---------------------+------------------+------------------+-----------+----------------+----------------+-------------+-------------+
| Experiment      |    RPRCON |   ENTRORG |   DETRPEN |    ENTRDD |   RMFDEPS |     RVICE |   RLCRITSNOW |   RSNOWLIN2 |   RCLDIFF |   RCLDIFF_CONVI |   RDEPLIQREFRATE |   RDEPLIQREFDEPTH |   RCL_OVERLAPLIQICE |   RCL_INHOMOGAUT |   RCL_INHOMOGACC |   RMINICE |   net_toa_Bias |   net_toa_RMSE |   rlnt_Bias |   rlnt_RMSE |
|-----------------+-----------+-----------+-----------+-----------+-----------+-----------+--------------+-------------+-----------+-----------------+------------------+-------------------+---------------------+------------------+------------------+-----------+----------------+----------------+-------------+-------------|
| REFERENCE_OIFS  | 1.400e-03 | 1.750e-03 | 7.500e-05 | 3.000e-04 | 3.000e-01 | 1.300e-01 |    2.000e-05 |   3.000e-02 | 6.000e-06 |       1.000e+01 |        5.000e-01 |         5.000e+02 |           6.500e-01 |        1.500e+00 |        3.000e+00 | 6.000e+01 |    nan         |    nan         | nan         | nan         |
| tuned_phis_a000 | 9.827e-04 | 1.253e-03 | 1.200e-04 | 2.086e-04 | 4.198e-01 | 2.080e-01 |    1.122e-05 |   1.200e-02 | 5.317e-06 |       1.114e+01 |        6.795e-01 |         5.458e+02 |           4.904e-01 |        1.438e+00 |        1.927e+00 | 8.411e+01 |      1.853e+00 |      9.347e+00 |   2.217e+00 |   8.395e+00 |
| tuned_phis_a010 | 9.921e-04 | 1.239e-03 | 1.200e-04 | 1.955e-04 | 4.094e-01 | 2.080e-01 |    9.510e-06 |   1.202e-02 | 5.224e-06 |       1.107e+01 |        6.770e-01 |         5.332e+02 |           4.735e-01 |        1.371e+00 |        1.669e+00 | 8.954e+01 |      1.185e+00 |      9.364e+00 |   1.671e+00 |   8.446e+00 |
| tuned_phis_a012 | 9.939e-04 | 1.236e-03 | 1.200e-04 | 1.927e-04 | 4.070e-01 | 2.080e-01 |    9.181e-06 |   1.200e-02 | 5.201e-06 |       1.099e+01 |        6.772e-01 |         5.345e+02 |           4.666e-01 |        1.371e+00 |        1.604e+00 | 9.085e+01 |      1.026e+00 |      9.378e+00 |   1.545e+00 |   8.468e+00 |
| tuned_phis_a015 | 1.002e-03 | 1.226e-03 | 1.200e-04 | 1.870e-04 | 4.019e-01 | 2.080e-01 |    8.609e-06 |   1.200e-02 | 5.196e-06 |       1.101e+01 |        6.803e-01 |         5.294e+02 |           4.630e-01 |        1.329e+00 |        1.491e+00 | 9.271e+01 |      7.715e-01 |      9.411e+00 |   1.343e+00 |   8.507e+00 |
| tuned_phis_a017 | 1.006e-03 | 1.229e-03 | 1.200e-04 | 1.822e-04 | 3.990e-01 | 2.080e-01 |    8.092e-06 |   1.200e-02 | 5.128e-06 |       1.107e+01 |        6.779e-01 |         5.230e+02 |           4.544e-01 |        1.338e+00 |        1.444e+00 | 9.385e+01 |      6.175e-01 |      9.430e+00 |   1.200e+00 |   8.545e+00 |
| tuned_phis_a020 | 1.019e-03 | 1.220e-03 | 1.200e-04 | 1.784e-04 | 3.961e-01 | 2.080e-01 |    8.000e-06 |   1.200e-02 | 5.131e-06 |       1.095e+01 |        6.810e-01 |         5.172e+02 |           4.411e-01 |        1.298e+00 |        1.317e+00 | 9.595e+01 |      3.237e-01 |      9.482e+00 |   9.952e-01 |   8.605e+00 |
| tuned_phis_a030 | 1.096e-03 | 1.393e-03 | 1.148e-04 | 1.455e-04 | 4.136e-01 | 2.080e-01 |    8.012e-06 |   1.203e-02 | 4.836e-06 |       9.989e+00 |        6.976e-01 |         5.202e+02 |           3.893e-01 |        9.615e-01 |        1.819e+00 | 9.600e+01 |      0.000e+00 |      9.513e+00 |   3.445e-01 |   8.952e+00 |
| tuned_phis_a040 | 1.218e-03 | 1.633e-03 | 1.032e-04 | 2.592e-04 | 4.733e-01 | 1.984e-01 |    9.453e-06 |   1.228e-02 | 4.171e-06 |       1.138e+01 |        7.002e-01 |         5.093e+02 |           6.082e-01 |        1.854e+00 |        1.711e+00 | 9.386e+01 |     -0.000e+00 |      9.900e+00 |   1.050e-04 |   9.098e+00 |
| tuned_phis_a050 | 1.941e-03 | 1.516e-03 | 1.120e-04 | 1.930e-04 | 4.336e-01 | 1.979e-01 |    8.013e-06 |   1.864e-02 | 4.690e-06 |       1.190e+01 |        6.543e-01 |         5.111e+02 |           3.217e-01 |        1.941e+00 |        1.211e+00 | 6.596e+01 |     -0.000e+00 |      1.014e+01 |   1.100e-05 |   9.548e+00 |
| tuned_phis_a060 | 1.808e-03 | 1.271e-03 | 1.110e-04 | 1.242e-04 | 3.916e-01 | 1.875e-01 |    1.508e-05 |   1.248e-02 | 3.882e-06 |       9.431e+00 |        7.177e-01 |         4.594e+02 |           3.390e-01 |        9.542e-01 |        1.238e+00 | 7.261e+01 |      0.000e+00 |      9.946e+00 |   3.720e-04 |   9.489e+00 |
| tuned_phis_a070 | 1.767e-03 | 1.748e-03 | 8.740e-05 | 1.937e-04 | 3.001e-01 | 1.336e-01 |    1.268e-05 |   1.302e-02 | 4.698e-06 |       4.338e+00 |        7.881e-01 |         2.040e+02 |           6.501e-01 |        7.324e-01 |        1.605e+00 | 7.840e+01 |     -1.800e-05 |      1.069e+01 |  -1.600e-05 |   1.015e+01 |
| tuned_phis_a080 | 1.242e-03 | 2.383e-03 | 4.118e-05 | 3.695e-04 | 4.718e-01 | 1.448e-01 |    1.106e-05 |   1.223e-02 | 5.795e-06 |       1.304e+01 |        7.233e-01 |         4.971e+02 |           7.879e-01 |        1.522e+00 |        2.439e+00 | 9.247e+01 |      0.000e+00 |      1.092e+01 |   3.000e-05 |   1.038e+01 |
| tuned_phis_a090 | 1.477e-03 | 2.085e-03 | 4.994e-05 | 2.170e-04 | 4.491e-01 | 1.881e-01 |    1.217e-05 |   1.500e-02 | 5.848e-06 |       1.026e+01 |        6.589e-01 |         2.618e+02 |           6.933e-01 |        2.063e+00 |        1.986e+00 | 7.560e+01 |     -0.000e+00 |      1.061e+01 |   2.000e-06 |   9.827e+00 |
| tuned_phis_a095 | 1.689e-03 | 1.884e-03 | 1.021e-04 | 4.067e-04 | 3.784e-01 | 1.648e-01 |    1.096e-05 |   1.412e-02 | 4.025e-06 |       9.320e+00 |        3.632e-01 |         4.979e+02 |           8.493e-01 |        1.248e+00 |        1.683e+00 | 7.517e+01 |      0.000e+00 |      1.080e+01 |   1.000e-06 |   1.011e+01 |
| tuned_phis_a099 | 1.788e-03 | 2.385e-03 | 6.346e-05 | 1.220e-04 | 2.584e-01 | 1.169e-01 |    2.602e-05 |   1.280e-02 | 4.073e-06 |       1.248e+01 |        4.835e-01 |         3.111e+02 |           6.223e-01 |        1.687e+00 |        2.267e+00 | 8.236e+01 |     -0.000e+00 |      1.165e+01 |   6.000e-06 |   1.154e+01 |
| tuned_phis_a100 | 1.971e-03 | 2.482e-03 | 4.630e-05 | 3.066e-04 | 1.920e-01 | 1.678e-01 |    9.943e-06 |   1.678e-02 | 5.790e-06 |       1.190e+01 |        6.152e-01 |         5.023e+02 |           3.771e-01 |        6.324e-01 |        2.570e+00 | 4.226e+01 |      0.000e+00 |      1.171e+01 |   1.700e-05 |   1.248e+01 |
+-----------------+-----------+-----------+-----------+-----------+-----------+-----------+--------------+-------------+-----------+-----------------+------------------+-------------------+---------------------+------------------+------------------+-----------+----------------+----------------+-------------+-------------+