+-----------------+-----------+-----------+-----------+-----------+-----------+-----------+--------------+-------------+-----------+-----------------+------------------+-------------------+---------------------+------------------+------------------+-----------+----------------+----------------+-------------+-------------+
| Experiment      |    RPRCON |   ENTRORG |   DETRPEN |    ENTRDD |   RMFDEPS |     RVICE |   RLCRITSNOW |   RSNOWLIN2 |   RCLDIFF |   RCLDIFF_CONVI |   RDEPLIQREFRATE |   RDEPLIQREFDEPTH |   RCL_OVERLAPLIQICE |   RCL_INHOMOGAUT |   RCL_INHOMOGACC |   RMINICE |   net_toa_Bias |   net_toa_RMSE |   lwcf_Bias |   lwcf_RMSE |
|-----------------+-----------+-----------+-----------+-----------+-----------+-----------+--------------+-------------+-----------+-----------------+------------------+-------------------+---------------------+------------------+------------------+-----------+----------------+----------------+-------------+-------------|
| REFERENCE_OIFS  | 1.400e-03 | 1.750e-03 | 7.500e-05 | 3.000e-04 | 3.000e-01 | 1.300e-01 |    2.000e-05 |   3.000e-02 | 6.000e-06 |       1.000e+01 |        5.000e-01 |         5.000e+02 |           6.500e-01 |        1.500e+00 |        3.000e+00 | 6.000e+01 |    nan         |    nan         | nan         | nan         |
| tuned_phis_a000 | 8.813e-04 | 1.541e-03 | 1.200e-04 | 2.379e-04 | 4.800e-01 | 2.079e-01 |    1.601e-05 |   1.817e-02 | 4.302e-06 |       8.654e+00 |        6.261e-01 |         4.590e+02 |           2.605e-01 |        1.391e+00 |        2.389e+00 | 3.201e+01 |      1.546e+00 |      9.496e+00 |  -1.782e+00 |   6.471e+00 |
| tuned_phis_a010 | 8.700e-04 | 1.554e-03 | 1.200e-04 | 2.276e-04 | 4.800e-01 | 2.079e-01 |    1.679e-05 |   1.850e-02 | 4.055e-06 |       8.184e+00 |        6.083e-01 |         4.446e+02 |           2.601e-01 |        1.309e+00 |        2.131e+00 | 2.975e+01 |      8.233e-01 |      9.638e+00 |  -1.280e+00 |   6.398e+00 |
| tuned_phis_a012 | 8.701e-04 | 1.555e-03 | 1.200e-04 | 2.257e-04 | 4.799e-01 | 2.079e-01 |    1.699e-05 |   1.862e-02 | 4.007e-06 |       8.075e+00 |        6.096e-01 |         4.430e+02 |           2.601e-01 |        1.281e+00 |        2.065e+00 | 2.923e+01 |      6.522e-01 |      9.684e+00 |  -1.165e+00 |   6.387e+00 |
| tuned_phis_a015 | 8.655e-04 | 1.560e-03 | 1.200e-04 | 2.217e-04 | 4.800e-01 | 2.080e-01 |    1.724e-05 |   1.867e-02 | 3.924e-06 |       7.907e+00 |        5.984e-01 |         4.321e+02 |           2.600e-01 |        1.258e+00 |        1.965e+00 | 2.826e+01 |      3.774e-01 |      9.765e+00 |  -9.822e-01 |   6.377e+00 |
| tuned_phis_a017 | 8.630e-04 | 1.564e-03 | 1.200e-04 | 2.199e-04 | 4.800e-01 | 2.079e-01 |    1.745e-05 |   1.880e-02 | 3.851e-06 |       7.800e+00 |        5.979e-01 |         4.268e+02 |           2.602e-01 |        1.237e+00 |        1.894e+00 | 2.781e+01 |      1.834e-01 |      9.831e+00 |  -8.548e-01 |   6.373e+00 |
| tuned_phis_a020 | 9.004e-04 | 1.608e-03 | 1.200e-04 | 2.115e-04 | 4.799e-01 | 2.040e-01 |    1.697e-05 |   2.086e-02 | 3.679e-06 |       7.534e+00 |        5.889e-01 |         4.217e+02 |           2.601e-01 |        1.212e+00 |        1.889e+00 | 2.893e+01 |      3.000e-06 |      9.926e+00 |  -6.068e-01 |   6.382e+00 |
| tuned_phis_a030 | 7.706e-04 | 1.736e-03 | 1.191e-04 | 1.892e-04 | 4.788e-01 | 2.046e-01 |    2.124e-05 |   2.200e-02 | 3.563e-06 |       6.758e+00 |        5.779e-01 |         4.346e+02 |           2.660e-01 |        1.240e+00 |        2.180e+00 | 3.453e+01 |     -0.000e+00 |      1.002e+01 |  -1.880e-04 |   6.538e+00 |
| tuned_phis_a040 | 9.242e-04 | 1.859e-03 | 9.710e-05 | 2.101e-04 | 4.705e-01 | 1.972e-01 |    1.849e-05 |   2.324e-02 | 3.762e-06 |       9.030e+00 |        6.446e-01 |         4.135e+02 |           2.709e-01 |        1.319e+00 |        2.109e+00 | 2.622e+01 |      0.000e+00 |      1.019e+01 |   8.000e-06 |   6.497e+00 |
| tuned_phis_a050 | 7.875e-04 | 2.026e-03 | 1.094e-04 | 2.773e-04 | 4.747e-01 | 1.780e-01 |    1.600e-05 |   2.980e-02 | 2.400e-06 |       6.486e+00 |        5.354e-01 |         4.044e+02 |           4.960e-01 |        2.313e+00 |        2.046e+00 | 5.278e+01 |      7.000e-06 |      1.057e+01 |  -1.500e-05 |   6.579e+00 |
| tuned_phis_a060 | 9.779e-04 | 2.101e-03 | 1.067e-04 | 1.994e-04 | 3.537e-01 | 2.021e-01 |    2.114e-05 |   3.698e-02 | 5.505e-06 |       1.046e+01 |        7.488e-01 |         5.420e+02 |           3.163e-01 |        9.162e-01 |        2.145e+00 | 5.419e+01 |      0.000e+00 |      1.073e+01 |  -2.100e-05 |   7.034e+00 |
| tuned_phis_a070 | 7.452e-04 | 2.149e-03 | 1.175e-04 | 2.575e-04 | 4.657e-01 | 1.626e-01 |    3.071e-05 |   2.551e-02 | 6.449e-06 |       1.120e+01 |        6.348e-01 |         4.188e+02 |           2.742e-01 |        1.304e+00 |        2.177e+00 | 6.163e+01 |      0.000e+00 |      1.071e+01 |  -8.000e-06 |   6.737e+00 |
| tuned_phis_a080 | 5.898e-04 | 1.652e-03 | 8.885e-05 | 1.421e-04 | 3.882e-01 | 1.660e-01 |    1.493e-05 |   1.956e-02 | 2.548e-06 |       1.175e+01 |        3.511e-01 |         4.300e+02 |           4.576e-01 |        1.457e+00 |        1.580e+00 | 4.158e+01 |      1.000e-06 |      1.042e+01 |  -0.000e+00 |   6.853e+00 |
| tuned_phis_a090 | 6.457e-04 | 2.339e-03 | 1.144e-04 | 3.181e-04 | 4.526e-01 | 1.921e-01 |    1.587e-05 |   3.454e-02 | 6.663e-06 |       5.454e+00 |        6.568e-01 |         2.910e+02 |           4.663e-01 |        2.102e+00 |        2.338e+00 | 6.173e+01 |     -0.000e+00 |      1.080e+01 |  -1.300e-05 |   7.021e+00 |
| tuned_phis_a095 | 1.067e-03 | 2.573e-03 | 8.651e-05 | 2.556e-04 | 3.328e-01 | 1.695e-01 |    2.828e-05 |   2.976e-02 | 4.886e-06 |       5.206e+00 |        4.469e-01 |         4.632e+02 |           8.706e-01 |        1.149e+00 |        2.667e+00 | 4.520e+01 |      0.000e+00 |      1.193e+01 |  -0.000e+00 |   7.216e+00 |
| tuned_phis_a099 | 8.829e-04 | 2.291e-03 | 6.119e-05 | 2.935e-04 | 1.832e-01 | 1.765e-01 |    2.364e-05 |   3.303e-02 | 4.278e-06 |       1.051e+01 |        4.746e-01 |         4.959e+02 |           6.632e-01 |        1.680e+00 |        1.512e+00 | 5.509e+01 |      0.000e+00 |      1.218e+01 |  -1.000e-06 |   8.129e+00 |
| tuned_phis_a100 | 7.534e-04 | 2.631e-03 | 9.817e-05 | 4.383e-04 | 3.538e-01 | 1.222e-01 |    2.273e-05 |   3.773e-02 | 6.699e-06 |       1.364e+01 |        3.763e-01 |         4.441e+02 |           4.898e-01 |        2.005e+00 |        1.953e+00 | 8.968e+01 |      0.000e+00 |      1.214e+01 |  -1.000e-06 |   8.042e+00 |
+-----------------+-----------+-----------+-----------+-----------+-----------+-----------+--------------+-------------+-----------+-----------------+------------------+-------------------+---------------------+------------------+------------------+-----------+----------------+----------------+-------------+-------------+