+-----------------+-----------+-----------+-----------+-----------+-----------+-----------+--------------+-------------+-----------+-----------------+------------------+-------------------+---------------------+------------------+------------------+-----------+----------------+----------------+-------------+-------------+
| Experiment      |    RPRCON |   ENTRORG |   DETRPEN |    ENTRDD |   RMFDEPS |     RVICE |   RLCRITSNOW |   RSNOWLIN2 |   RCLDIFF |   RCLDIFF_CONVI |   RDEPLIQREFRATE |   RDEPLIQREFDEPTH |   RCL_OVERLAPLIQICE |   RCL_INHOMOGAUT |   RCL_INHOMOGACC |   RMINICE |   net_toa_Bias |   net_toa_RMSE |   rsnt_Bias |   rsnt_RMSE |
|-----------------+-----------+-----------+-----------+-----------+-----------+-----------+--------------+-------------+-----------+-----------------+------------------+-------------------+---------------------+------------------+------------------+-----------+----------------+----------------+-------------+-------------|
| REFERENCE_OIFS  | 1.400e-03 | 1.750e-03 | 7.500e-05 | 3.000e-04 | 3.000e-01 | 1.300e-01 |    2.000e-05 |   3.000e-02 | 6.000e-06 |       1.000e+01 |        5.000e-01 |         5.000e+02 |           6.500e-01 |        1.500e+00 |        3.000e+00 | 6.000e+01 |    nan         |    nan         | nan         | nan         |
| tuned_phis_a000 | 1.046e-03 | 1.417e-03 | 1.117e-04 | 2.424e-04 | 4.021e-01 | 2.079e-01 |    1.038e-05 |   1.564e-02 | 2.400e-06 |       8.980e+00 |        6.823e-01 |         4.616e+02 |           2.605e-01 |        1.266e+00 |        2.956e+00 | 7.492e+01 |      2.529e+00 |      9.283e+00 |  -4.774e-01 |   1.042e+01 |
| tuned_phis_a010 | 1.130e-03 | 1.427e-03 | 1.109e-04 | 2.285e-04 | 3.894e-01 | 2.080e-01 |    8.165e-06 |   1.200e-02 | 2.801e-06 |       8.971e+00 |        6.794e-01 |         4.508e+02 |           2.603e-01 |        1.230e+00 |        2.858e+00 | 6.784e+01 |      2.201e+00 |      9.288e+00 |  -1.527e-03 |   1.047e+01 |
| tuned_phis_a012 | 1.118e-03 | 1.463e-03 | 1.079e-04 | 2.418e-04 | 4.095e-01 | 2.070e-01 |    8.000e-06 |   1.300e-02 | 2.542e-06 |       8.822e+00 |        6.747e-01 |         4.492e+02 |           2.603e-01 |        1.191e+00 |        2.965e+00 | 7.139e+01 |      2.156e+00 |      9.273e+00 |   0.000e+00 |   1.048e+01 |
| tuned_phis_a015 | 1.103e-03 | 1.680e-03 | 1.039e-04 | 2.393e-04 | 4.303e-01 | 2.028e-01 |    8.000e-06 |   1.684e-02 | 2.400e-06 |       7.912e+00 |        6.744e-01 |         4.462e+02 |           2.604e-01 |        9.772e-01 |        3.513e+00 | 7.949e+01 |      2.121e+00 |      9.306e+00 |   0.000e+00 |   1.052e+01 |
| tuned_phis_a017 | 1.326e-03 | 1.261e-03 | 1.194e-04 | 2.144e-04 | 3.669e-01 | 2.077e-01 |    8.070e-06 |   1.698e-02 | 2.502e-06 |       8.930e+00 |        6.685e-01 |         4.422e+02 |           2.603e-01 |        1.369e+00 |        2.090e+00 | 7.948e+01 |      1.584e+00 |      9.349e+00 |  -0.000e+00 |   1.058e+01 |
| tuned_phis_a020 | 1.197e-03 | 1.660e-03 | 1.094e-04 | 2.227e-04 | 4.151e-01 | 2.026e-01 |    8.074e-06 |   1.646e-02 | 2.400e-06 |       7.991e+00 |        6.480e-01 |         4.468e+02 |           2.601e-01 |        1.343e+00 |        3.080e+00 | 8.085e+01 |      1.580e+00 |      9.349e+00 |   0.000e+00 |   1.057e+01 |
| tuned_phis_a030 | 1.087e-03 | 1.843e-03 | 9.258e-05 | 1.935e-04 | 4.228e-01 | 1.973e-01 |    9.245e-06 |   1.256e-02 | 2.400e-06 |       8.608e+00 |        6.815e-01 |         4.261e+02 |           2.718e-01 |        7.781e-01 |        3.411e+00 | 8.621e+01 |      8.361e-01 |      9.450e+00 |  -0.000e+00 |   1.082e+01 |
| tuned_phis_a040 | 8.941e-04 | 1.619e-03 | 1.083e-04 | 1.485e-04 | 3.513e-01 | 1.775e-01 |    8.000e-06 |   1.206e-02 | 3.606e-06 |       9.595e+00 |        5.078e-01 |         6.516e+02 |           2.999e-01 |        1.298e+00 |        2.949e+00 | 9.438e+01 |      1.778e+00 |      9.322e+00 |   0.000e+00 |   1.072e+01 |
| tuned_phis_a050 | 1.533e-03 | 1.711e-03 | 9.228e-05 | 1.219e-04 | 3.731e-01 | 2.074e-01 |    8.001e-06 |   2.507e-02 | 3.111e-06 |       6.652e+00 |        5.093e-01 |         3.628e+02 |           2.610e-01 |        1.491e+00 |        2.294e+00 | 9.359e+01 |      2.015e-01 |      9.779e+00 |   0.000e+00 |   1.102e+01 |
| tuned_phis_a060 | 1.380e-03 | 2.130e-03 | 5.234e-05 | 1.385e-04 | 3.381e-01 | 2.059e-01 |    8.079e-06 |   1.470e-02 | 4.627e-06 |       6.367e+00 |        6.809e-01 |         3.821e+02 |           3.956e-01 |        1.656e+00 |        2.679e+00 | 6.836e+01 |      6.000e-06 |      1.026e+01 |  -1.300e-05 |   1.126e+01 |
| tuned_phis_a070 | 1.412e-03 | 1.811e-03 | 6.657e-05 | 1.298e-04 | 2.927e-01 | 1.776e-01 |    8.000e-06 |   1.997e-02 | 2.400e-06 |       7.841e+00 |        4.050e-01 |         2.821e+02 |           3.711e-01 |        9.324e-01 |        2.383e+00 | 9.510e+01 |      5.600e-02 |      1.010e+01 |   3.000e-06 |   1.133e+01 |
| tuned_phis_a080 | 1.476e-03 | 2.014e-03 | 8.173e-05 | 3.184e-04 | 3.939e-01 | 1.658e-01 |    1.263e-05 |   1.588e-02 | 7.318e-06 |       9.636e+00 |        5.763e-01 |         5.218e+02 |           4.372e-01 |        9.852e-01 |        2.013e+00 | 8.962e+01 |      1.100e-05 |      1.031e+01 |  -8.000e-06 |   1.152e+01 |
| tuned_phis_a090 | 1.906e-03 | 2.249e-03 | 6.899e-05 | 3.200e-04 | 3.346e-01 | 1.915e-01 |    1.219e-05 |   1.338e-02 | 4.775e-06 |       1.195e+01 |        7.952e-01 |         5.265e+02 |           4.644e-01 |        7.181e-01 |        2.590e+00 | 4.141e+01 |     -7.700e-05 |      1.099e+01 |   0.000e+00 |   1.163e+01 |
| tuned_phis_a095 | 2.088e-03 | 1.882e-03 | 9.730e-05 | 4.688e-04 | 4.486e-01 | 2.033e-01 |    1.280e-05 |   3.059e-02 | 7.408e-06 |       9.259e+00 |        6.159e-01 |         5.169e+02 |           4.965e-01 |        1.213e+00 |        1.277e+00 | 7.924e+01 |     -5.670e-04 |      1.077e+01 |   0.000e+00 |   1.174e+01 |
| tuned_phis_a099 | 2.110e-03 | 2.013e-03 | 3.567e-05 | 3.680e-04 | 4.321e-01 | 1.948e-01 |    2.474e-05 |   1.892e-02 | 5.248e-06 |       4.723e+00 |        6.278e-01 |         6.078e+02 |           5.278e-01 |        1.356e+00 |        1.641e+00 | 5.579e+01 |     -7.000e-06 |      1.117e+01 |  -0.000e+00 |   1.198e+01 |
| tuned_phis_a100 | 2.022e-03 | 2.143e-03 | 9.500e-05 | 3.656e-04 | 2.353e-01 | 1.859e-01 |    1.307e-05 |   2.612e-02 | 9.581e-06 |       1.325e+01 |        2.361e-01 |         7.938e+02 |           3.236e-01 |        9.311e-01 |        1.468e+00 | 6.991e+01 |      1.000e-06 |      1.132e+01 |  -2.000e-06 |   1.266e+01 |
+-----------------+-----------+-----------+-----------+-----------+-----------+-----------+--------------+-------------+-----------+-----------------+------------------+-------------------+---------------------+------------------+------------------+-----------+----------------+----------------+-------------+-------------+