+-----------------+-----------+-----------+-----------+-----------+-----------+-----------+--------------+-------------+-----------+-----------------+------------------+-------------------+---------------------+------------------+------------------+-----------+----------------+----------------+
| Experiment      |    RPRCON |   ENTRORG |   DETRPEN |    ENTRDD |   RMFDEPS |     RVICE |   RLCRITSNOW |   RSNOWLIN2 |   RCLDIFF |   RCLDIFF_CONVI |   RDEPLIQREFRATE |   RDEPLIQREFDEPTH |   RCL_OVERLAPLIQICE |   RCL_INHOMOGAUT |   RCL_INHOMOGACC |   RMINICE |   net_toa_Bias |   net_toa_RMSE |
|-----------------+-----------+-----------+-----------+-----------+-----------+-----------+--------------+-------------+-----------+-----------------+------------------+-------------------+---------------------+------------------+------------------+-----------+----------------+----------------|
| REFERENCE_OIFS  | 1.400e-03 | 1.750e-03 | 7.500e-05 | 3.000e-04 | 3.000e-01 | 1.300e-01 |    2.000e-05 |   3.000e-02 | 6.000e-06 |       1.000e+01 |        5.000e-01 |         5.000e+02 |           6.500e-01 |        1.500e+00 |        3.000e+00 | 6.000e+01 |    nan         |    nan         |
| tuned_phis_a000 | 5.600e-04 | 1.451e-03 | 1.041e-04 | 1.770e-04 | 4.784e-01 | 2.080e-01 |    8.000e-06 |   1.255e-02 | 3.123e-06 |       7.660e+00 |        5.861e-01 |         4.664e+02 |           2.600e-01 |        8.892e-01 |        3.160e+00 | 8.742e+01 |      1.616e+00 |      9.080e+00 |
| tuned_phis_a010 | 5.600e-04 | 1.452e-03 | 1.027e-04 | 1.615e-04 | 4.770e-01 | 2.080e-01 |    8.000e-06 |   1.200e-02 | 2.860e-06 |       7.293e+00 |        5.751e-01 |         4.459e+02 |           2.600e-01 |        7.562e-01 |        2.933e+00 | 9.078e+01 |      8.588e-01 |      9.122e+00 |
| tuned_phis_a012 | 5.600e-04 | 1.449e-03 | 1.028e-04 | 1.563e-04 | 4.741e-01 | 2.080e-01 |    8.000e-06 |   1.200e-02 | 2.814e-06 |       7.237e+00 |        5.732e-01 |         4.446e+02 |           2.600e-01 |        7.313e-01 |        2.866e+00 | 9.175e+01 |      6.821e-01 |      9.144e+00 |
| tuned_phis_a015 | 5.600e-04 | 1.456e-03 | 1.020e-04 | 1.530e-04 | 4.768e-01 | 2.080e-01 |    8.000e-06 |   1.200e-02 | 2.690e-06 |       7.048e+00 |        5.741e-01 |         4.371e+02 |           2.600e-01 |        6.692e-01 |        2.808e+00 | 9.313e+01 |      4.105e-01 |      9.186e+00 |
| tuned_phis_a017 | 5.600e-04 | 1.454e-03 | 1.021e-04 | 1.485e-04 | 4.752e-01 | 2.080e-01 |    8.000e-06 |   1.200e-02 | 2.635e-06 |       6.975e+00 |        5.592e-01 |         4.384e+02 |           2.600e-01 |        6.862e-01 |        2.717e+00 | 9.308e+01 |      2.171e-01 |      9.223e+00 |
| tuned_phis_a020 | 5.674e-04 | 1.494e-03 | 9.944e-05 | 1.434e-04 | 4.754e-01 | 2.080e-01 |    8.000e-06 |   1.210e-02 | 2.419e-06 |       6.903e+00 |        5.583e-01 |         4.210e+02 |           2.601e-01 |        6.643e-01 |        2.739e+00 | 9.464e+01 |      0.000e+00 |      9.272e+00 |
| tuned_phis_a030 | 7.130e-04 | 1.621e-03 | 1.108e-04 | 2.425e-04 | 4.565e-01 | 1.949e-01 |    1.046e-05 |   1.458e-02 | 5.062e-06 |       8.149e+00 |        5.769e-01 |         4.753e+02 |           2.629e-01 |        1.419e+00 |        2.033e+00 | 9.062e+01 |     -0.000e+00 |      9.455e+00 |
| tuned_phis_a040 | 6.900e-04 | 1.815e-03 | 8.651e-05 | 2.069e-04 | 4.072e-01 | 1.985e-01 |    1.081e-05 |   1.634e-02 | 9.371e-06 |       7.154e+00 |        4.633e-01 |         3.286e+02 |           2.832e-01 |        9.435e-01 |        2.014e+00 | 7.959e+01 |      0.000e+00 |      9.711e+00 |
| tuned_phis_a050 | 9.871e-04 | 1.837e-03 | 1.125e-04 | 3.056e-04 | 3.685e-01 | 2.013e-01 |    1.418e-05 |   2.060e-02 | 5.263e-06 |       1.130e+01 |        7.507e-01 |         4.222e+02 |           3.207e-01 |        2.123e+00 |        1.595e+00 | 8.445e+01 |     -0.000e+00 |      9.990e+00 |
| tuned_phis_a060 | 7.859e-04 | 2.234e-03 | 7.644e-05 | 3.776e-04 | 4.654e-01 | 1.648e-01 |    1.456e-05 |   1.547e-02 | 5.464e-06 |       6.828e+00 |        6.604e-01 |         5.156e+02 |           2.617e-01 |        1.881e+00 |        2.439e+00 | 5.791e+01 |      0.000e+00 |      1.018e+01 |
| tuned_phis_a065 | 6.371e-04 | 1.644e-03 | 6.142e-05 | 3.585e-04 | 4.271e-01 | 2.058e-01 |    9.045e-06 |   1.381e-02 | 4.170e-06 |       5.187e+00 |        4.500e-01 |         6.504e+02 |           2.902e-01 |        9.722e-01 |        2.042e+00 | 7.817e+01 |     -0.000e+00 |      9.673e+00 |
| tuned_phis_a070 | 8.209e-04 | 1.098e-03 | 9.712e-05 | 1.200e-04 | 4.205e-01 | 2.027e-01 |    8.000e-06 |   1.701e-02 | 2.400e-06 |       7.984e+00 |        2.714e-01 |         5.988e+02 |           2.725e-01 |        1.006e+00 |        1.347e+00 | 7.225e+01 |      1.000e-06 |      9.557e+00 |
| tuned_phis_a080 | 1.175e-03 | 2.026e-03 | 1.108e-04 | 3.986e-04 | 3.935e-01 | 2.076e-01 |    2.144e-05 |   1.954e-02 | 5.605e-06 |       9.546e+00 |        7.345e-01 |         7.233e+02 |           3.039e-01 |        2.393e+00 |        1.764e+00 | 9.095e+01 |      0.000e+00 |      1.031e+01 |
| tuned_phis_a090 | 1.370e-03 | 1.635e-03 | 1.117e-04 | 1.556e-04 | 3.075e-01 | 1.369e-01 |    1.193e-05 |   2.099e-02 | 4.453e-06 |       5.946e+00 |        7.724e-01 |         7.797e+02 |           3.267e-01 |        1.527e+00 |        1.218e+00 | 8.149e+01 |      7.000e-06 |      1.023e+01 |
| tuned_phis_a095 | 1.158e-03 | 1.886e-03 | 8.569e-05 | 1.311e-04 | 4.739e-01 | 1.374e-01 |    2.758e-05 |   1.704e-02 | 5.937e-06 |       9.587e+00 |        3.408e-01 |         6.383e+02 |           2.722e-01 |        1.321e+00 |        1.837e+00 | 6.386e+01 |      0.000e+00 |      1.032e+01 |
| tuned_phis_a099 | 1.558e-03 | 1.889e-03 | 9.934e-05 | 1.574e-04 | 3.987e-01 | 2.039e-01 |    1.738e-05 |   4.574e-02 | 6.975e-06 |       5.753e+00 |        2.945e-01 |         7.089e+02 |           2.766e-01 |        1.081e+00 |        1.639e+00 | 7.472e+01 |      0.000e+00 |      1.053e+01 |
| tuned_phis_a100 | 1.299e-03 | 2.521e-03 | 6.713e-05 | 4.290e-04 | 4.153e-01 | 1.101e-01 |    1.538e-05 |   3.178e-02 | 7.409e-06 |       1.478e+01 |        7.055e-01 |         5.574e+02 |           7.756e-01 |        1.576e+00 |        1.534e+00 | 6.343e+01 |     -0.000e+00 |      1.220e+01 |
+-----------------+-----------+-----------+-----------+-----------+-----------+-----------+--------------+-------------+-----------+-----------------+------------------+-------------------+---------------------+------------------+------------------+-----------+----------------+----------------+