+-----------------+-----------+-----------+-----------+-----------+-----------+-----------+--------------+-------------+-----------+-----------------+------------------+-------------------+---------------------+------------------+------------------+-----------+----------------+----------------+
| Experiment      |    RPRCON |   ENTRORG |   DETRPEN |    ENTRDD |   RMFDEPS |     RVICE |   RLCRITSNOW |   RSNOWLIN2 |   RCLDIFF |   RCLDIFF_CONVI |   RDEPLIQREFRATE |   RDEPLIQREFDEPTH |   RCL_OVERLAPLIQICE |   RCL_INHOMOGAUT |   RCL_INHOMOGACC |   RMINICE |   net_toa_Bias |   net_toa_RMSE |
|-----------------+-----------+-----------+-----------+-----------+-----------+-----------+--------------+-------------+-----------+-----------------+------------------+-------------------+---------------------+------------------+------------------+-----------+----------------+----------------|
| REFERENCE_OIFS  | 1.400e-03 | 1.750e-03 | 7.500e-05 | 3.000e-04 | 3.000e-01 | 1.300e-01 |    2.000e-05 |   3.000e-02 | 6.000e-06 |       1.000e+01 |        5.000e-01 |         5.000e+02 |           6.500e-01 |        1.500e+00 |        3.000e+00 | 6.000e+01 |    nan         |    nan         |
| tuned_phis_a000 | 5.705e-04 | 1.422e-03 | 1.057e-04 | 1.745e-04 | 4.766e-01 | 2.078e-01 |    8.050e-06 |   1.223e-02 | 3.045e-06 |       7.707e+00 |        5.860e-01 |         4.684e+02 |           2.600e-01 |        8.696e-01 |        3.115e+00 | 8.674e+01 |      1.612e+00 |      9.081e+00 |
| tuned_phis_a010 | 5.632e-04 | 1.460e-03 | 1.031e-04 | 1.615e-04 | 4.766e-01 | 2.079e-01 |    8.036e-06 |   1.209e-02 | 2.855e-06 |       7.418e+00 |        5.725e-01 |         4.470e+02 |           2.600e-01 |        7.578e-01 |        2.940e+00 | 9.057e+01 |      8.487e-01 |      9.124e+00 |
| tuned_phis_a020 | 6.713e-04 | 1.236e-03 | 1.150e-04 | 1.622e-04 | 4.532e-01 | 2.079e-01 |    8.000e-06 |   1.260e-02 | 2.820e-06 |       7.176e+00 |        5.689e-01 |         4.204e+02 |           2.602e-01 |        9.154e-01 |        1.972e+00 | 9.565e+01 |      4.700e-05 |      9.301e+00 |
| tuned_phis_a030 | 7.457e-04 | 1.440e-03 | 1.096e-04 | 1.625e-04 | 3.706e-01 | 2.038e-01 |    8.287e-06 |   1.481e-02 | 5.124e-06 |       9.366e+00 |        6.379e-01 |         4.811e+02 |           2.946e-01 |        1.581e+00 |        1.515e+00 | 9.096e+01 |     -3.000e-06 |      9.492e+00 |
| tuned_phis_a040 | 7.828e-04 | 1.576e-03 | 1.085e-04 | 1.698e-04 | 3.816e-01 | 2.022e-01 |    9.296e-06 |   1.609e-02 | 3.064e-06 |       7.127e+00 |        7.374e-01 |         5.012e+02 |           2.784e-01 |        1.107e+00 |        2.134e+00 | 7.071e+01 |      0.000e+00 |      9.494e+00 |
| tuned_phis_a050 | 7.362e-04 | 1.577e-03 | 9.505e-05 | 1.841e-04 | 4.444e-01 | 1.480e-01 |    2.155e-05 |   1.282e-02 | 4.816e-06 |       7.160e+00 |        5.152e-01 |         4.431e+02 |           3.160e-01 |        1.591e+00 |        1.511e+00 | 9.313e+01 |     -2.000e-06 |      9.845e+00 |
| tuned_phis_a060 | 8.031e-04 | 1.724e-03 | 9.254e-05 | 1.495e-04 | 4.559e-01 | 1.728e-01 |    1.198e-05 |   2.209e-02 | 5.996e-06 |       9.121e+00 |        5.976e-01 |         7.436e+02 |           2.658e-01 |        2.077e+00 |        1.551e+00 | 8.921e+01 |     -2.150e-04 |      9.858e+00 |
| tuned_phis_a070 | 1.156e-03 | 1.894e-03 | 6.227e-05 | 2.434e-04 | 4.128e-01 | 1.864e-01 |    1.897e-05 |   1.804e-02 | 4.780e-06 |       8.152e+00 |        4.036e-01 |         5.785e+02 |           2.744e-01 |        1.728e+00 |        1.961e+00 | 8.735e+01 |     -5.000e-06 |      9.992e+00 |
| tuned_phis_a080 | 8.718e-04 | 2.184e-03 | 7.091e-05 | 3.736e-04 | 4.526e-01 | 2.021e-01 |    9.355e-06 |   1.604e-02 | 4.347e-06 |       8.966e+00 |        2.741e-01 |         4.967e+02 |           4.117e-01 |        1.075e+00 |        3.123e+00 | 9.251e+01 |     -3.000e-05 |      9.922e+00 |
| tuned_phis_a090 | 8.465e-04 | 1.941e-03 | 6.406e-05 | 2.150e-04 | 4.395e-01 | 1.786e-01 |    1.626e-05 |   1.215e-02 | 5.350e-06 |       1.207e+01 |        6.746e-01 |         7.980e+02 |           2.917e-01 |        1.988e+00 |        1.926e+00 | 7.194e+01 |     -0.000e+00 |      1.000e+01 |
| tuned_phis_a095 | 1.067e-03 | 1.824e-03 | 6.281e-05 | 1.329e-04 | 4.230e-01 | 1.904e-01 |    9.343e-06 |   2.420e-02 | 3.495e-06 |       9.673e+00 |        3.176e-01 |         6.498e+02 |           8.244e-01 |        1.216e+00 |        2.041e+00 | 8.811e+01 |     -0.000e+00 |      1.028e+01 |
| tuned_phis_a100 | 1.370e-03 | 2.754e-03 | 1.117e-04 | 2.256e-04 | 1.719e-01 | 7.447e-02 |    1.045e-05 |   3.988e-02 | 4.839e-06 |       9.727e+00 |        4.606e-01 |         3.830e+02 |           9.051e-01 |        1.030e+00 |        2.248e+00 | 4.829e+01 |     -0.000e+00 |      1.325e+01 |
+-----------------+-----------+-----------+-----------+-----------+-----------+-----------+--------------+-------------+-----------+-----------------+------------------+-------------------+---------------------+------------------+------------------+-----------+----------------+----------------+