+-----------------+-----------+-----------+-----------+-----------+-----------+-----------+--------------+-------------+-----------+-----------------+------------------+-------------------+---------------------+------------------+------------------+-----------+----------------+----------------+-------------+-------------+
| Experiment      |    RPRCON |   ENTRORG |   DETRPEN |    ENTRDD |   RMFDEPS |     RVICE |   RLCRITSNOW |   RSNOWLIN2 |   RCLDIFF |   RCLDIFF_CONVI |   RDEPLIQREFRATE |   RDEPLIQREFDEPTH |   RCL_OVERLAPLIQICE |   RCL_INHOMOGAUT |   RCL_INHOMOGACC |   RMINICE |   net_toa_Bias |   net_toa_RMSE |   rsnt_Bias |   rsnt_RMSE |
|-----------------+-----------+-----------+-----------+-----------+-----------+-----------+--------------+-------------+-----------+-----------------+------------------+-------------------+---------------------+------------------+------------------+-----------+----------------+----------------+-------------+-------------|
| REFERENCE_OIFS  | 1.400e-03 | 1.750e-03 | 7.500e-05 | 3.000e-04 | 3.000e-01 | 1.300e-01 |    2.000e-05 |   3.000e-02 | 6.000e-06 |       1.000e+01 |        5.000e-01 |         5.000e+02 |           6.500e-01 |        1.500e+00 |        3.000e+00 | 6.000e+01 |    nan         |    nan         | nan         | nan         |
| tuned_phis_a000 | 9.553e-04 | 1.499e-03 | 1.132e-04 | 2.072e-04 | 4.017e-01 | 2.080e-01 |    8.018e-06 |   1.533e-02 | 2.426e-06 |       8.748e+00 |        6.058e-01 |         4.044e+02 |           2.601e-01 |        9.760e-01 |        3.268e+00 | 8.018e+01 |      3.703e+00 |      9.754e+00 |   1.210e-01 |   9.957e+00 |
| tuned_phis_a010 | 8.959e-04 | 1.435e-03 | 1.183e-04 | 2.186e-04 | 3.791e-01 | 2.080e-01 |    8.001e-06 |   1.281e-02 | 2.446e-06 |       8.921e+00 |        5.956e-01 |         3.926e+02 |           2.600e-01 |        1.174e+00 |        2.781e+00 | 8.645e+01 |      3.062e+00 |      9.699e+00 |  -8.000e-06 |   1.007e+01 |
| tuned_phis_a020 | 1.427e-03 | 1.624e-03 | 1.115e-04 | 1.907e-04 | 4.225e-01 | 2.036e-01 |    9.167e-06 |   1.332e-02 | 2.786e-06 |       9.446e+00 |        6.384e-01 |         3.764e+02 |           2.601e-01 |        1.016e+00 |        2.400e+00 | 7.497e+01 |      1.879e+00 |      1.004e+01 |  -6.000e-06 |   1.030e+01 |
| tuned_phis_a030 | 1.106e-03 | 2.070e-03 | 1.002e-04 | 1.764e-04 | 4.627e-01 | 2.080e-01 |    9.293e-06 |   1.578e-02 | 3.889e-06 |       7.886e+00 |        5.371e-01 |         3.873e+02 |           2.602e-01 |        8.381e-01 |        3.534e+00 | 9.013e+01 |      1.850e+00 |      9.986e+00 |  -1.000e-06 |   1.043e+01 |
| tuned_phis_a040 | 1.067e-03 | 1.976e-03 | 7.548e-05 | 1.741e-04 | 3.964e-01 | 2.080e-01 |    8.372e-06 |   1.325e-02 | 4.666e-06 |       9.012e+00 |        5.827e-01 |         3.576e+02 |           2.600e-01 |        8.375e-01 |        2.754e+00 | 9.245e+01 |      1.177e+00 |      1.010e+01 |  -2.500e-05 |   1.067e+01 |
| tuned_phis_a050 | 1.789e-03 | 2.434e-03 | 6.356e-05 | 2.391e-04 | 4.654e-01 | 1.984e-01 |    8.045e-06 |   1.425e-02 | 3.216e-06 |       5.395e+00 |        5.618e-01 |         3.238e+02 |           2.601e-01 |        1.229e+00 |        2.768e+00 | 6.910e+01 |      1.713e-02 |      1.135e+01 |  -0.000e+00 |   1.134e+01 |
| tuned_phis_a060 | 1.473e-03 | 1.942e-03 | 6.562e-05 | 2.314e-04 | 4.175e-01 | 1.911e-01 |    8.673e-06 |   1.345e-02 | 8.313e-06 |       7.879e+00 |        4.088e-01 |         3.260e+02 |           2.602e-01 |        1.232e+00 |        1.636e+00 | 8.113e+01 |      8.202e-01 |      1.065e+01 |  -1.280e-04 |   1.118e+01 |
| tuned_phis_a070 | 2.148e-03 | 2.430e-03 | 7.268e-05 | 1.533e-04 | 3.658e-01 | 1.931e-01 |    8.601e-06 |   1.309e-02 | 9.158e-06 |       8.197e+00 |        4.120e-01 |         7.368e+02 |           3.003e-01 |        1.249e+00 |        1.728e+00 | 4.691e+01 |     -2.356e-02 |      1.200e+01 |  -8.600e-05 |   1.188e+01 |
| tuned_phis_a080 | 2.154e-03 | 2.550e-03 | 9.285e-05 | 3.427e-04 | 3.391e-01 | 1.735e-01 |    1.142e-05 |   2.454e-02 | 4.874e-06 |       8.668e+00 |        4.082e-01 |         6.077e+02 |           2.893e-01 |        1.696e+00 |        1.782e+00 | 8.642e+01 |     -9.973e-03 |      1.226e+01 |   2.100e-05 |   1.208e+01 |
| tuned_phis_a090 | 1.856e-03 | 2.353e-03 | 7.906e-05 | 2.993e-04 | 2.779e-01 | 1.897e-01 |    1.616e-05 |   1.303e-02 | 4.134e-06 |       1.099e+01 |        2.033e-01 |         5.552e+02 |           3.096e-01 |        7.129e-01 |        2.068e+00 | 7.475e+01 |     -3.840e-04 |      1.180e+01 |  -7.500e-05 |   1.204e+01 |
| tuned_phis_a095 | 1.736e-03 | 2.511e-03 | 3.762e-05 | 2.677e-04 | 2.502e-01 | 1.456e-01 |    1.315e-05 |   1.452e-02 | 2.977e-06 |       6.673e+00 |        4.704e-01 |         2.708e+02 |           2.962e-01 |        1.766e+00 |        1.832e+00 | 9.216e+01 |      2.217e-03 |      1.223e+01 |  -3.060e-04 |   1.228e+01 |
| tuned_phis_a099 | 2.229e-03 | 2.794e-03 | 7.448e-05 | 1.925e-04 | 2.901e-01 | 1.943e-01 |    2.632e-05 |   2.654e-02 | 6.908e-06 |       9.455e+00 |        7.024e-01 |         5.686e+02 |           4.117e-01 |        8.414e-01 |        2.141e+00 | 8.622e+01 |     -9.660e-04 |      1.294e+01 |   7.300e-05 |   1.251e+01 |
| tuned_phis_a100 | 1.674e-03 | 2.299e-03 | 8.066e-05 | 1.638e-04 | 2.209e-01 | 1.810e-01 |    1.508e-05 |   1.239e-02 | 5.410e-06 |       1.151e+01 |        3.480e-01 |         4.415e+02 |           3.632e-01 |        2.326e+00 |        1.234e+00 | 8.555e+01 |      1.000e-06 |      1.198e+01 |  -4.000e-06 |   1.192e+01 |
+-----------------+-----------+-----------+-----------+-----------+-----------+-----------+--------------+-------------+-----------+-----------------+------------------+-------------------+---------------------+------------------+------------------+-----------+----------------+----------------+-------------+-------------+