+------------------------------+-----------+-----------+-----------+-----------+-----------+-----------+--------------+-------------+-----------+-----------------+------------------+-------------------+---------------------+------------------+------------------+-----------+----------------+----------------+
| Experiment                   |    RPRCON |   ENTRORG |   DETRPEN |    ENTRDD |   RMFDEPS |     RVICE |   RLCRITSNOW |   RSNOWLIN2 |   RCLDIFF |   RCLDIFF_CONVI |   RDEPLIQREFRATE |   RDEPLIQREFDEPTH |   RCL_OVERLAPLIQICE |   RCL_INHOMOGAUT |   RCL_INHOMOGACC |   RMINICE |   net_toa_Bias |   net_toa_RMSE |
|------------------------------+-----------+-----------+-----------+-----------+-----------+-----------+--------------+-------------+-----------+-----------------+------------------+-------------------+---------------------+------------------+------------------+-----------+----------------+----------------|
| REFERENCE_OIFS               | 1.400e-03 | 1.750e-03 | 7.500e-05 | 3.000e-04 | 3.000e-01 | 1.300e-01 |    2.000e-05 |   3.000e-02 | 3.000e-06 |       1.000e+01 |        5.000e-01 |         5.000e+02 |           6.500e-01 |        1.500e+00 |        3.000e+00 | 6.000e+01 |    nan         |    nan         |
| tuned_phis_2000_2017_2D_a0   | 5.600e-04 | 1.523e-03 | 1.142e-04 | 1.783e-04 | 4.688e-01 | 2.080e-01 |    8.000e-06 |   1.278e-02 | 2.400e-06 |       4.117e+00 |        7.216e-01 |         4.061e+02 |           2.600e-01 |        6.000e-01 |        3.345e+00 | 8.301e+01 |      1.317e+00 |      9.132e+00 |
| tuned_phis_2000_2017_2D_a01  | 5.600e-04 | 1.452e-03 | 1.037e-04 | 1.739e-04 | 4.774e-01 | 2.080e-01 |    8.000e-06 |   1.221e-02 | 3.092e-06 |       7.657e+00 |        5.829e-01 |         4.591e+02 |           2.600e-01 |        8.540e-01 |        3.130e+00 | 8.748e+01 |      1.492e+00 |      9.081e+00 |
| tuned_phis_2000_2017_2D_a02  | 5.600e-04 | 1.453e-03 | 1.033e-04 | 1.711e-04 | 4.773e-01 | 2.080e-01 |    8.000e-06 |   1.209e-02 | 3.056e-06 |       7.582e+00 |        5.823e-01 |         4.574e+02 |           2.600e-01 |        8.350e-01 |        3.089e+00 | 8.801e+01 |      1.361e+00 |      9.085e+00 |
| tuned_phis_2000_2017_2D_a03  | 5.600e-04 | 1.450e-03 | 1.032e-04 | 1.687e-04 | 4.771e-01 | 2.080e-01 |    8.000e-06 |   1.200e-02 | 3.012e-06 |       7.541e+00 |        5.802e-01 |         4.539e+02 |           2.600e-01 |        8.140e-01 |        3.038e+00 | 8.869e+01 |      1.222e+00 |      9.091e+00 |
| tuned_phis_2000_2017_2D_a04  | 5.600e-04 | 1.447e-03 | 1.034e-04 | 1.654e-04 | 4.757e-01 | 2.080e-01 |    8.000e-06 |   1.201e-02 | 2.962e-06 |       7.439e+00 |        5.779e-01 |         4.494e+02 |           2.600e-01 |        7.985e-01 |        2.984e+00 | 8.953e+01 |      1.075e+00 |      9.101e+00 |
| tuned_phis_2000_2017_2D_a05  | 5.600e-04 | 1.536e-03 | 1.174e-04 | 1.350e-04 | 4.459e-01 | 2.080e-01 |    8.000e-06 |   1.200e-02 | 2.400e-06 |       4.000e+00 |        7.189e-01 |         3.923e+02 |           2.600e-01 |        6.001e-01 |        2.671e+00 | 9.080e+01 |     -3.043e-01 |      9.438e+00 |
| tuned_phis_2000_2017_2D_a051 | 5.600e-04 | 1.451e-03 | 1.028e-04 | 1.625e-04 | 4.765e-01 | 2.080e-01 |    8.000e-06 |   1.200e-02 | 2.893e-06 |       7.381e+00 |        5.781e-01 |         4.482e+02 |           2.601e-01 |        7.725e-01 |        2.946e+00 | 9.049e+01 |      9.234e-01 |      9.115e+00 |
| tuned_phis_2000_2017_2D_a06  | 5.600e-04 | 1.447e-03 | 1.030e-04 | 1.600e-04 | 4.753e-01 | 2.080e-01 |    8.000e-06 |   1.200e-02 | 2.841e-06 |       7.256e+00 |        5.739e-01 |         4.447e+02 |           2.600e-01 |        7.507e-01 |        2.883e+00 | 9.147e+01 |      7.592e-01 |      9.134e+00 |
| tuned_phis_2000_2017_2D_a07  | 5.600e-04 | 1.443e-03 | 1.032e-04 | 1.559e-04 | 4.736e-01 | 2.080e-01 |    8.000e-06 |   1.200e-02 | 2.780e-06 |       7.173e+00 |        5.752e-01 |         4.432e+02 |           2.602e-01 |        7.300e-01 |        2.817e+00 | 9.247e+01 |      5.866e-01 |      9.157e+00 |
| tuned_phis_2000_2017_2D_a08  | 5.600e-04 | 1.449e-03 | 1.027e-04 | 1.507e-04 | 4.727e-01 | 2.080e-01 |    8.000e-06 |   1.201e-02 | 2.693e-06 |       7.089e+00 |        5.708e-01 |         4.401e+02 |           2.600e-01 |        6.989e-01 |        2.776e+00 | 9.343e+01 |      4.051e-01 |      9.187e+00 |
| tuned_phis_2000_2017_2D_a09  | 5.600e-04 | 1.593e-03 | 1.200e-04 | 1.200e-04 | 4.372e-01 | 2.080e-01 |    8.000e-06 |   1.200e-02 | 2.400e-06 |       4.000e+00 |        7.207e-01 |         3.646e+02 |           2.600e-01 |        6.000e-01 |        1.814e+00 | 9.598e+01 |     -2.414e+00 |      1.038e+01 |
| tuned_phis_2000_2017_2D_a1   | 9.366e-04 | 1.937e-03 | 4.040e-05 | 3.291e-04 | 4.310e-01 | 1.996e-01 |    2.873e-05 |   1.203e-02 | 3.458e-06 |       1.115e+01 |        7.917e-01 |         5.867e+02 |           9.843e-01 |        1.816e+00 |        1.272e+00 | 2.605e+01 |     -2.000e-06 |      1.143e+01 |
+------------------------------+-----------+-----------+-----------+-----------+-----------+-----------+--------------+-------------+-----------+-----------------+------------------+-------------------+---------------------+------------------+------------------+-----------+----------------+----------------+