+-----------------+-----------+-----------+-----------+-----------+-----------+-----------+--------------+-------------+-----------+-----------------+------------------+-------------------+---------------------+------------------+------------------+-----------+----------------+----------------+
| Experiment      |    RPRCON |   ENTRORG |   DETRPEN |    ENTRDD |   RMFDEPS |     RVICE |   RLCRITSNOW |   RSNOWLIN2 |   RCLDIFF |   RCLDIFF_CONVI |   RDEPLIQREFRATE |   RDEPLIQREFDEPTH |   RCL_OVERLAPLIQICE |   RCL_INHOMOGAUT |   RCL_INHOMOGACC |   RMINICE |   net_toa_Bias |   net_toa_RMSE |
|-----------------+-----------+-----------+-----------+-----------+-----------+-----------+--------------+-------------+-----------+-----------------+------------------+-------------------+---------------------+------------------+------------------+-----------+----------------+----------------|
| REFERENCE_OIFS  | 1.400e-03 | 1.750e-03 | 7.500e-05 | 3.000e-04 | 3.000e-01 | 1.300e-01 |    2.000e-05 |   3.000e-02 | 6.000e-06 |       1.000e+01 |        5.000e-01 |         5.000e+02 |           6.500e-01 |        1.500e+00 |        3.000e+00 | 6.000e+01 |    nan         |    nan         |
| tuned_phis_a000 | 5.600e-04 | 1.453e-03 | 1.040e-04 | 1.772e-04 | 4.780e-01 | 2.079e-01 |    8.000e-06 |   1.239e-02 | 3.117e-06 |       7.720e+00 |        5.857e-01 |         4.577e+02 |           2.601e-01 |        8.982e-01 |        3.162e+00 | 8.667e+01 |      1.622e+00 |      9.080e+00 |
| tuned_phis_a010 | 5.600e-04 | 1.451e-03 | 1.033e-04 | 1.583e-04 | 4.726e-01 | 2.080e-01 |    8.000e-06 |   1.207e-02 | 2.858e-06 |       7.274e+00 |        5.738e-01 |         4.450e+02 |           2.600e-01 |        7.568e-01 |        2.932e+00 | 9.091e+01 |      8.626e-01 |      9.122e+00 |
| tuned_phis_a012 | 5.600e-04 | 1.441e-03 | 1.035e-04 | 1.565e-04 | 4.709e-01 | 2.080e-01 |    8.000e-06 |   1.200e-02 | 2.798e-06 |       7.179e+00 |        5.710e-01 |         4.345e+02 |           2.600e-01 |        7.591e-01 |        2.836e+00 | 9.264e+01 |      6.705e-01 |      9.145e+00 |
| tuned_phis_a015 | 5.600e-04 | 1.442e-03 | 1.030e-04 | 1.526e-04 | 4.733e-01 | 2.080e-01 |    8.000e-06 |   1.201e-02 | 2.704e-06 |       7.134e+00 |        5.772e-01 |         4.359e+02 |           2.600e-01 |        6.923e-01 |        2.758e+00 | 9.412e+01 |      3.936e-01 |      9.189e+00 |
| tuned_phis_a017 | 5.600e-04 | 1.446e-03 | 1.024e-04 | 1.486e-04 | 4.741e-01 | 2.080e-01 |    8.000e-06 |   1.200e-02 | 2.626e-06 |       6.994e+00 |        5.706e-01 |         4.354e+02 |           2.600e-01 |        6.673e-01 |        2.704e+00 | 9.478e+01 |      1.999e-01 |      9.226e+00 |
| tuned_phis_a020 | 6.250e-04 | 1.368e-03 | 1.084e-04 | 1.416e-04 | 4.514e-01 | 2.076e-01 |    8.025e-06 |   1.203e-02 | 3.035e-06 |       7.151e+00 |        5.671e-01 |         4.399e+02 |           2.600e-01 |        7.435e-01 |        2.325e+00 | 9.413e+01 |      0.000e+00 |      9.278e+00 |
| tuned_phis_a030 | 5.891e-04 | 1.674e-03 | 8.029e-05 | 1.900e-04 | 4.354e-01 | 2.030e-01 |    8.000e-06 |   1.607e-02 | 2.400e-06 |       5.805e+00 |        4.113e-01 |         4.409e+02 |           2.600e-01 |        1.813e+00 |        2.357e+00 | 9.107e+01 |      3.000e-06 |      9.447e+00 |
| tuned_phis_a040 | 8.028e-04 | 1.946e-03 | 1.027e-04 | 2.929e-04 | 3.884e-01 | 1.639e-01 |    8.252e-06 |   1.532e-02 | 4.801e-06 |       1.035e+01 |        7.294e-01 |         4.772e+02 |           2.664e-01 |        1.812e+00 |        2.134e+00 | 9.321e+01 |     -0.000e+00 |      9.819e+00 |
| tuned_phis_a050 | 8.314e-04 | 2.094e-03 | 3.849e-05 | 1.866e-04 | 4.405e-01 | 1.756e-01 |    1.469e-05 |   1.201e-02 | 7.661e-06 |       1.479e+01 |        4.464e-01 |         5.589e+02 |           3.753e-01 |        9.807e-01 |        2.448e+00 | 9.534e+01 |      0.000e+00 |      1.005e+01 |
| tuned_phis_a060 | 6.080e-04 | 1.838e-03 | 7.359e-05 | 2.196e-04 | 4.684e-01 | 1.956e-01 |    9.285e-06 |   1.603e-02 | 8.625e-06 |       9.938e+00 |        6.749e-01 |         4.731e+02 |           4.183e-01 |        7.802e-01 |        2.127e+00 | 8.668e+01 |      8.000e-06 |      9.745e+00 |
| tuned_phis_a070 | 1.132e-03 | 1.599e-03 | 1.086e-04 | 1.392e-04 | 4.459e-01 | 1.690e-01 |    1.327e-05 |   1.289e-02 | 7.533e-06 |       1.003e+01 |        6.309e-01 |         4.522e+02 |           3.303e-01 |        1.387e+00 |        1.558e+00 | 9.212e+01 |      0.000e+00 |      9.735e+00 |
| tuned_phis_a080 | 7.189e-04 | 2.152e-03 | 3.969e-05 | 1.567e-04 | 4.586e-01 | 2.047e-01 |    1.653e-05 |   1.382e-02 | 2.597e-06 |       6.591e+00 |        5.887e-01 |         4.905e+02 |           3.121e-01 |        1.653e+00 |        3.271e+00 | 9.464e+01 |      1.000e-06 |      9.794e+00 |
| tuned_phis_a090 | 1.373e-03 | 1.713e-03 | 4.730e-05 | 1.357e-04 | 3.696e-01 | 1.915e-01 |    1.882e-05 |   1.689e-02 | 7.854e-06 |       1.592e+01 |        4.735e-01 |         2.829e+02 |           3.444e-01 |        1.063e+00 |        1.229e+00 | 6.402e+01 |     -0.000e+00 |      1.033e+01 |
| tuned_phis_a095 | 7.914e-04 | 2.440e-03 | 1.169e-04 | 1.961e-04 | 3.143e-01 | 1.914e-01 |    9.364e-06 |   3.534e-02 | 5.124e-06 |       1.462e+01 |        2.182e-01 |         5.281e+02 |           2.726e-01 |        1.181e+00 |        3.109e+00 | 7.527e+01 |     -0.000e+00 |      1.063e+01 |
| tuned_phis_a099 | 1.100e-03 | 2.676e-03 | 3.751e-05 | 1.609e-04 | 4.531e-01 | 9.515e-02 |    9.242e-06 |   1.566e-02 | 3.436e-06 |       1.426e+01 |        5.061e-01 |         6.405e+02 |           2.793e-01 |        1.915e+00 |        3.392e+00 | 8.889e+01 |      0.000e+00 |      1.077e+01 |
| tuned_phis_a100 | 1.957e-03 | 2.375e-03 | 6.219e-05 | 2.376e-04 | 2.223e-01 | 1.672e-01 |    1.921e-05 |   1.284e-02 | 4.672e-06 |       1.011e+01 |        4.024e-01 |         6.789e+02 |           4.075e-01 |        1.431e+00 |        2.610e+00 | 9.385e+01 |      0.000e+00 |      1.148e+01 |
+-----------------+-----------+-----------+-----------+-----------+-----------+-----------+--------------+-------------+-----------+-----------------+------------------+-------------------+---------------------+------------------+------------------+-----------+----------------+----------------+