+-----------------+-----------+-----------+-----------+-----------+-----------+-----------+--------------+-------------+-----------+-----------------+------------------+-------------------+---------------------+------------------+------------------+-----------+----------------+----------------+-------------+-------------+
| Experiment      |    RPRCON |   ENTRORG |   DETRPEN |    ENTRDD |   RMFDEPS |     RVICE |   RLCRITSNOW |   RSNOWLIN2 |   RCLDIFF |   RCLDIFF_CONVI |   RDEPLIQREFRATE |   RDEPLIQREFDEPTH |   RCL_OVERLAPLIQICE |   RCL_INHOMOGAUT |   RCL_INHOMOGACC |   RMINICE |   net_toa_Bias |   net_toa_RMSE |   swcf_Bias |   swcf_RMSE |
|-----------------+-----------+-----------+-----------+-----------+-----------+-----------+--------------+-------------+-----------+-----------------+------------------+-------------------+---------------------+------------------+------------------+-----------+----------------+----------------+-------------+-------------|
| REFERENCE_OIFS  | 1.400e-03 | 1.750e-03 | 7.500e-05 | 3.000e-04 | 3.000e-01 | 1.300e-01 |    2.000e-05 |   3.000e-02 | 6.000e-06 |       1.000e+01 |        5.000e-01 |         5.000e+02 |           6.500e-01 |        1.500e+00 |        3.000e+00 | 6.000e+01 |    nan         |    nan         | nan         | nan         |
| tuned_phis_a000 | 1.024e-03 | 1.419e-03 | 1.045e-04 | 2.325e-04 | 4.276e-01 | 2.079e-01 |    1.439e-05 |   1.501e-02 | 2.415e-06 |       9.662e+00 |        6.933e-01 |         4.627e+02 |           2.600e-01 |        1.208e+00 |        2.900e+00 | 6.817e+01 |      2.463e+00 |      9.281e+00 |   4.435e-01 |   1.109e+01 |
| tuned_phis_a010 | 1.127e-03 | 1.426e-03 | 1.047e-04 | 2.093e-04 | 4.333e-01 | 2.080e-01 |    1.493e-05 |   1.738e-02 | 2.400e-06 |       8.823e+00 |        6.763e-01 |         4.517e+02 |           2.600e-01 |        9.673e-01 |        2.745e+00 | 7.039e+01 |      1.893e+00 |      9.270e+00 |  -0.000e+00 |   1.116e+01 |
| tuned_phis_a012 | 9.781e-04 | 1.244e-03 | 1.104e-04 | 2.084e-04 | 3.688e-01 | 2.036e-01 |    1.244e-05 |   1.379e-02 | 2.411e-06 |       9.977e+00 |        6.938e-01 |         4.280e+02 |           2.604e-01 |        1.415e+00 |        1.996e+00 | 7.744e+01 |      1.544e+00 |      9.283e+00 |  -0.000e+00 |   1.125e+01 |
| tuned_phis_a015 | 1.185e-03 | 1.556e-03 | 1.042e-04 | 2.142e-04 | 4.543e-01 | 2.064e-01 |    1.090e-05 |   1.933e-02 | 2.434e-06 |       8.939e+00 |        6.471e-01 |         4.466e+02 |           2.601e-01 |        1.127e+00 |        2.826e+00 | 7.081e+01 |      1.536e+00 |      9.287e+00 |  -3.000e-06 |   1.123e+01 |
| tuned_phis_a017 | 1.389e-03 | 1.443e-03 | 1.092e-04 | 2.388e-04 | 4.149e-01 | 2.078e-01 |    8.230e-06 |   2.538e-02 | 2.665e-06 |       9.768e+00 |        6.614e-01 |         4.422e+02 |           2.602e-01 |        1.745e+00 |        1.949e+00 | 7.474e+01 |      1.279e+00 |      9.467e+00 |  -1.000e-06 |   1.129e+01 |
| tuned_phis_a020 | 9.486e-04 | 1.101e-03 | 1.158e-04 | 2.010e-04 | 3.560e-01 | 2.076e-01 |    9.287e-06 |   1.240e-02 | 3.254e-06 |       1.004e+01 |        7.026e-01 |         4.147e+02 |           2.660e-01 |        1.302e+00 |        1.413e+00 | 8.330e+01 |      8.265e-01 |      9.332e+00 |  -1.100e-05 |   1.148e+01 |
| tuned_phis_a030 | 1.476e-03 | 1.853e-03 | 9.214e-05 | 1.453e-04 | 4.519e-01 | 1.863e-01 |    8.324e-06 |   1.375e-02 | 4.217e-06 |       6.852e+00 |        6.136e-01 |         4.163e+02 |           2.612e-01 |        8.080e-01 |        3.023e+00 | 4.727e+01 |      6.928e-01 |      9.682e+00 |  -1.589e-03 |   1.148e+01 |
| tuned_phis_a040 | 1.795e-03 | 1.439e-03 | 1.054e-04 | 1.364e-04 | 3.689e-01 | 1.893e-01 |    8.706e-06 |   2.265e-02 | 4.197e-06 |       6.287e+00 |        6.637e-01 |         3.988e+02 |           2.765e-01 |        1.031e+00 |        1.436e+00 | 6.364e+01 |      6.995e-02 |      9.919e+00 |  -5.600e-05 |   1.165e+01 |
| tuned_phis_a050 | 1.082e-03 | 2.238e-03 | 7.482e-05 | 2.775e-04 | 3.923e-01 | 2.073e-01 |    8.070e-06 |   1.204e-02 | 6.123e-06 |       8.961e+00 |        7.705e-01 |         4.169e+02 |           3.423e-01 |        1.160e+00 |        2.958e+00 | 5.841e+01 |      1.790e-04 |      1.003e+01 |  -0.000e+00 |   1.193e+01 |
| tuned_phis_a060 | 1.318e-03 | 1.797e-03 | 4.430e-05 | 2.940e-04 | 4.132e-01 | 1.471e-01 |    9.439e-06 |   1.534e-02 | 5.307e-06 |       5.204e+00 |        4.468e-01 |         3.991e+02 |           2.906e-01 |        1.779e+00 |        1.493e+00 | 8.089e+01 |      2.700e-05 |      1.017e+01 |  -1.200e-05 |   1.210e+01 |
| tuned_phis_a070 | 1.357e-03 | 1.904e-03 | 9.722e-05 | 3.769e-04 | 2.671e-01 | 1.855e-01 |    1.151e-05 |   1.348e-02 | 7.607e-06 |       8.064e+00 |        2.854e-01 |         4.203e+02 |           4.266e-01 |        1.480e+00 |        1.430e+00 | 6.166e+01 |     -2.000e-03 |      1.048e+01 |  -1.000e-06 |   1.235e+01 |
| tuned_phis_a080 | 1.376e-03 | 1.898e-03 | 8.309e-05 | 3.507e-04 | 4.627e-01 | 2.064e-01 |    2.096e-05 |   1.683e-02 | 2.639e-06 |       1.183e+01 |        6.929e-01 |         4.411e+02 |           7.773e-01 |        1.326e+00 |        2.018e+00 | 7.305e+01 |      3.000e-06 |      1.046e+01 |  -1.000e-06 |   1.182e+01 |
| tuned_phis_a090 | 1.550e-03 | 1.746e-03 | 4.652e-05 | 1.767e-04 | 4.589e-01 | 2.065e-01 |    1.113e-05 |   1.993e-02 | 2.581e-06 |       4.886e+00 |        5.174e-01 |         4.238e+02 |           6.639e-01 |        1.622e+00 |        1.901e+00 | 5.919e+01 |     -4.000e-06 |      1.032e+01 |   0.000e+00 |   1.186e+01 |
| tuned_phis_a095 | 1.959e-03 | 2.750e-03 | 3.542e-05 | 2.464e-04 | 4.235e-01 | 1.360e-01 |    2.620e-05 |   1.513e-02 | 3.479e-06 |       7.749e+00 |        6.635e-01 |         6.102e+02 |           4.466e-01 |        2.189e+00 |        2.966e+00 | 4.325e+01 |     -4.177e-03 |      1.194e+01 |   1.610e-04 |   1.253e+01 |
| tuned_phis_a099 | 1.232e-03 | 2.302e-03 | 7.904e-05 | 1.480e-04 | 3.197e-01 | 2.036e-01 |    9.227e-06 |   3.068e-02 | 2.446e-06 |       4.582e+00 |        6.410e-01 |         3.831e+02 |           9.394e-01 |        1.414e+00 |        2.934e+00 | 9.372e+01 |     -1.000e-06 |      1.090e+01 |  -0.000e+00 |   1.232e+01 |
| tuned_phis_a100 | 2.211e-03 | 2.635e-03 | 7.285e-05 | 3.581e-04 | 4.553e-01 | 1.746e-01 |    2.101e-05 |   2.954e-02 | 4.068e-06 |       9.389e+00 |        2.180e-01 |         6.810e+02 |           6.816e-01 |        1.936e+00 |        2.663e+00 | 4.920e+01 |      4.000e-06 |      1.202e+01 |  -4.000e-06 |   1.268e+01 |
+-----------------+-----------+-----------+-----------+-----------+-----------+-----------+--------------+-------------+-----------+-----------------+------------------+-------------------+---------------------+------------------+------------------+-----------+----------------+----------------+-------------+-------------+