+-----------------+-----------+-----------+-----------+-----------+-----------+-----------+--------------+-------------+-----------+-----------------+------------------+-------------------+---------------------+------------------+------------------+-----------+----------------+----------------+
| Experiment      |    RPRCON |   ENTRORG |   DETRPEN |    ENTRDD |   RMFDEPS |     RVICE |   RLCRITSNOW |   RSNOWLIN2 |   RCLDIFF |   RCLDIFF_CONVI |   RDEPLIQREFRATE |   RDEPLIQREFDEPTH |   RCL_OVERLAPLIQICE |   RCL_INHOMOGAUT |   RCL_INHOMOGACC |   RMINICE |   net_toa_Bias |   net_toa_RMSE |
|-----------------+-----------+-----------+-----------+-----------+-----------+-----------+--------------+-------------+-----------+-----------------+------------------+-------------------+---------------------+------------------+------------------+-----------+----------------+----------------|
| REFERENCE_OIFS  | 1.400e-03 | 1.750e-03 | 7.500e-05 | 3.000e-04 | 3.000e-01 | 1.300e-01 |    2.000e-05 |   3.000e-02 | 3.000e-06 |       1.000e+01 |        5.000e-01 |         5.000e+02 |           6.500e-01 |        1.500e+00 |        3.000e+00 | 6.000e+01 |    nan         |    nan         |
| tuned_phis_a000 | 5.600e-04 | 1.450e-03 | 1.042e-04 | 1.747e-04 | 4.762e-01 | 2.080e-01 |    8.000e-06 |   1.247e-02 | 3.137e-06 |       7.600e+00 |        5.818e-01 |         4.546e+02 |           2.601e-01 |        8.819e-01 |        3.159e+00 | 8.689e+01 |      1.614e+00 |      9.080e+00 |
| tuned_phis_a010 | 5.600e-04 | 1.439e-03 | 1.033e-04 | 1.610e-04 | 4.749e-01 | 2.080e-01 |    8.000e-06 |   1.200e-02 | 2.913e-06 |       7.461e+00 |        5.638e-01 |         4.438e+02 |           2.600e-01 |        7.748e-01 |        2.883e+00 | 9.125e+01 |      8.407e-01 |      9.124e+00 |
| tuned_phis_a020 | 5.650e-04 | 1.442e-03 | 1.040e-04 | 1.479e-04 | 4.664e-01 | 2.080e-01 |    8.000e-06 |   1.208e-02 | 2.484e-06 |       7.233e+00 |        5.735e-01 |         4.233e+02 |           2.601e-01 |        8.038e-01 |        2.541e+00 | 9.438e+01 |      1.800e-05 |      9.272e+00 |
| tuned_phis_a030 | 5.894e-04 | 1.727e-03 | 9.861e-05 | 1.646e-04 | 4.484e-01 | 2.074e-01 |    1.144e-05 |   1.491e-02 | 4.652e-06 |       9.858e+00 |        5.253e-01 |         4.816e+02 |           2.601e-01 |        2.002e+00 |        2.194e+00 | 9.491e+01 |      0.000e+00 |      9.489e+00 |
| tuned_phis_a040 | 8.312e-04 | 1.796e-03 | 1.200e-04 | 1.200e-04 | 2.975e-01 | 1.860e-01 |    8.521e-06 |   1.226e-02 | 4.040e-06 |       1.069e+01 |        6.717e-01 |         4.682e+02 |           2.615e-01 |        9.686e-01 |        2.433e+00 | 6.250e+01 |     -0.000e+00 |      9.681e+00 |
| tuned_phis_a050 | 9.746e-04 | 1.824e-03 | 8.985e-05 | 2.153e-04 | 4.414e-01 | 2.054e-01 |    9.764e-06 |   2.675e-02 | 5.358e-06 |       7.374e+00 |        4.709e-01 |         5.606e+02 |           3.039e-01 |        1.163e+00 |        2.255e+00 | 9.278e+01 |      0.000e+00 |      9.665e+00 |
| tuned_phis_a060 | 1.199e-03 | 1.740e-03 | 1.049e-04 | 1.957e-04 | 4.361e-01 | 2.028e-01 |    1.429e-05 |   2.436e-02 | 3.898e-06 |       1.376e+01 |        5.480e-01 |         4.030e+02 |           3.684e-01 |        2.057e+00 |        1.668e+00 | 8.188e+01 |      0.000e+00 |      9.922e+00 |
| tuned_phis_a070 | 8.508e-04 | 1.389e-03 | 9.315e-05 | 2.161e-04 | 4.431e-01 | 1.762e-01 |    1.179e-05 |   1.660e-02 | 2.641e-06 |       1.045e+01 |        2.678e-01 |         3.057e+02 |           3.504e-01 |        7.702e-01 |        1.649e+00 | 6.564e+01 |     -0.000e+00 |      9.764e+00 |
| tuned_phis_a080 | 8.576e-04 | 1.894e-03 | 8.598e-05 | 1.871e-04 | 4.499e-01 | 1.810e-01 |    1.304e-05 |   1.408e-02 | 4.301e-06 |       7.049e+00 |        4.591e-01 |         2.742e+02 |           3.389e-01 |        1.004e+00 |        2.642e+00 | 6.354e+01 |     -0.000e+00 |      9.699e+00 |
| tuned_phis_a090 | 1.833e-03 | 1.809e-03 | 4.257e-05 | 2.844e-04 | 4.532e-01 | 1.922e-01 |    1.555e-05 |   2.160e-02 | 4.785e-06 |       1.297e+01 |        6.332e-01 |         4.136e+02 |           3.501e-01 |        1.988e+00 |        1.226e+00 | 6.225e+01 |      2.000e-06 |      1.055e+01 |
| tuned_phis_a095 | 1.590e-03 | 2.327e-03 | 1.068e-04 | 3.211e-04 | 3.522e-01 | 2.030e-01 |    8.875e-06 |   1.985e-02 | 5.710e-06 |       6.094e+00 |        4.693e-01 |         7.109e+02 |           5.516e-01 |        1.832e+00 |        2.562e+00 | 5.069e+01 |      0.000e+00 |      1.078e+01 |
| tuned_phis_a099 | 1.558e-03 | 1.889e-03 | 9.934e-05 | 1.574e-04 | 3.987e-01 | 2.039e-01 |    1.738e-05 |   4.574e-02 | 6.975e-06 |       5.753e+00 |        2.945e-01 |         7.089e+02 |           2.766e-01 |        1.081e+00 |        1.639e+00 | 7.472e+01 |      0.000e+00 |      1.053e+01 |
| tuned_phis_a100 | 1.338e-03 | 1.955e-03 | 1.047e-04 | 2.282e-04 | 4.719e-01 | 7.444e-02 |    2.187e-05 |   1.845e-02 | 6.160e-06 |       1.182e+01 |        7.503e-01 |         2.292e+02 |           5.668e-01 |        1.046e+00 |        1.451e+00 | 7.476e+01 |      0.000e+00 |      1.094e+01 |
+-----------------+-----------+-----------+-----------+-----------+-----------+-----------+--------------+-------------+-----------+-----------------+------------------+-------------------+---------------------+------------------+------------------+-----------+----------------+----------------+