+-----------------+-----------+-----------+-----------+-----------+-----------+-----------+--------------+-------------+-----------+-----------------+------------------+-------------------+---------------------+------------------+------------------+-----------+----------------+----------------+
| Experiment      |    RPRCON |   ENTRORG |   DETRPEN |    ENTRDD |   RMFDEPS |     RVICE |   RLCRITSNOW |   RSNOWLIN2 |   RCLDIFF |   RCLDIFF_CONVI |   RDEPLIQREFRATE |   RDEPLIQREFDEPTH |   RCL_OVERLAPLIQICE |   RCL_INHOMOGAUT |   RCL_INHOMOGACC |   RMINICE |   net_toa_Bias |   net_toa_RMSE |
|-----------------+-----------+-----------+-----------+-----------+-----------+-----------+--------------+-------------+-----------+-----------------+------------------+-------------------+---------------------+------------------+------------------+-----------+----------------+----------------|
| REFERENCE_OIFS  | 1.400e-03 | 1.750e-03 | 7.500e-05 | 3.000e-04 | 3.000e-01 | 1.300e-01 |    2.000e-05 |   3.000e-02 | 6.000e-06 |       1.000e+01 |        5.000e-01 |         5.000e+02 |           6.500e-01 |        1.500e+00 |        3.000e+00 | 6.000e+01 |    nan         |    nan         |
| tuned_phis_a000 | 5.624e-04 | 1.445e-03 | 1.045e-04 | 1.761e-04 | 4.778e-01 | 2.080e-01 |    8.103e-06 |   1.257e-02 | 3.106e-06 |       7.579e+00 |        5.842e-01 |         4.554e+02 |           2.601e-01 |        8.716e-01 |        3.155e+00 | 8.748e+01 |      1.611e+00 |      9.081e+00 |
| tuned_phis_a010 | 5.673e-04 | 1.447e-03 | 1.034e-04 | 1.578e-04 | 4.743e-01 | 2.079e-01 |    8.078e-06 |   1.200e-02 | 2.842e-06 |       7.212e+00 |        5.757e-01 |         4.465e+02 |           2.601e-01 |        7.466e-01 |        2.925e+00 | 9.024e+01 |      8.500e-01 |      9.124e+00 |
| tuned_phis_a012 | 5.700e-04 | 1.442e-03 | 1.025e-04 | 1.586e-04 | 4.774e-01 | 2.079e-01 |    8.053e-06 |   1.204e-02 | 2.748e-06 |       7.363e+00 |        5.754e-01 |         4.432e+02 |           2.600e-01 |        7.304e-01 |        2.854e+00 | 9.170e+01 |      6.825e-01 |      9.145e+00 |
| tuned_phis_a015 | 5.626e-04 | 1.431e-03 | 1.039e-04 | 1.527e-04 | 4.723e-01 | 2.078e-01 |    8.010e-06 |   1.205e-02 | 2.824e-06 |       7.043e+00 |        5.718e-01 |         4.475e+02 |           2.602e-01 |        6.849e-01 |        2.730e+00 | 9.408e+01 |      4.113e-01 |      9.187e+00 |
| tuned_phis_a017 | 5.612e-04 | 1.459e-03 | 1.024e-04 | 1.483e-04 | 4.749e-01 | 2.079e-01 |    8.015e-06 |   1.202e-02 | 2.691e-06 |       7.083e+00 |        5.642e-01 |         4.355e+02 |           2.601e-01 |        6.797e-01 |        2.722e+00 | 9.498e+01 |      2.021e-01 |      9.226e+00 |
| tuned_phis_a020 | 6.191e-04 | 1.248e-03 | 1.162e-04 | 1.398e-04 | 4.437e-01 | 2.079e-01 |    8.000e-06 |   1.201e-02 | 2.682e-06 |       7.310e+00 |        5.252e-01 |         4.296e+02 |           2.601e-01 |        1.261e+00 |        1.921e+00 | 9.600e+01 |      3.350e-04 |      9.311e+00 |
| tuned_phis_a030 | 5.642e-04 | 1.813e-03 | 8.653e-05 | 1.608e-04 | 4.624e-01 | 2.063e-01 |    8.501e-06 |   1.321e-02 | 3.286e-06 |       9.309e+00 |        5.984e-01 |         4.861e+02 |           2.602e-01 |        8.317e-01 |        3.064e+00 | 9.166e+01 |     -0.000e+00 |      9.361e+00 |
| tuned_phis_a040 | 5.607e-04 | 2.208e-03 | 9.250e-05 | 1.759e-04 | 4.160e-01 | 2.023e-01 |    8.375e-06 |   1.227e-02 | 3.634e-06 |       9.213e+00 |        5.787e-01 |         4.667e+02 |           2.879e-01 |        1.483e+00 |        3.470e+00 | 7.509e+01 |     -3.000e-06 |      9.682e+00 |
| tuned_phis_a050 | 6.794e-04 | 1.693e-03 | 9.769e-05 | 3.197e-04 | 4.501e-01 | 2.017e-01 |    8.292e-06 |   1.630e-02 | 4.953e-06 |       9.090e+00 |        6.676e-01 |         4.653e+02 |           3.827e-01 |        1.228e+00 |        1.972e+00 | 7.747e+01 |     -1.460e-04 |      9.619e+00 |
| tuned_phis_a060 | 7.355e-04 | 2.154e-03 | 5.783e-05 | 3.868e-04 | 4.665e-01 | 2.005e-01 |    1.104e-05 |   1.684e-02 | 6.362e-06 |       9.010e+00 |        6.520e-01 |         4.426e+02 |           3.174e-01 |        1.778e+00 |        2.325e+00 | 6.664e+01 |     -0.000e+00 |      1.003e+01 |
| tuned_phis_a070 | 1.156e-03 | 1.712e-03 | 9.601e-05 | 1.654e-04 | 4.363e-01 | 1.977e-01 |    1.526e-05 |   2.127e-02 | 6.413e-06 |       1.211e+01 |        6.893e-01 |         4.780e+02 |           3.011e-01 |        8.290e-01 |        1.693e+00 | 3.662e+01 |     -0.000e+00 |      1.004e+01 |
| tuned_phis_a080 | 9.894e-04 | 1.851e-03 | 1.195e-04 | 1.233e-04 | 4.094e-01 | 1.962e-01 |    2.193e-05 |   2.357e-02 | 6.576e-06 |       9.768e+00 |        4.008e-01 |         6.260e+02 |           4.145e-01 |        9.199e-01 |        2.227e+00 | 9.566e+01 |     -0.000e+00 |      9.961e+00 |
| tuned_phis_a090 | 9.562e-04 | 1.679e-03 | 9.927e-05 | 2.427e-04 | 2.702e-01 | 1.995e-01 |    8.953e-06 |   2.456e-02 | 2.939e-06 |       6.749e+00 |        3.007e-01 |         3.274e+02 |           3.447e-01 |        8.459e-01 |        1.872e+00 | 5.371e+01 |     -2.000e-06 |      1.013e+01 |
| tuned_phis_a095 | 1.316e-03 | 1.978e-03 | 9.168e-05 | 1.363e-04 | 4.651e-01 | 1.911e-01 |    1.148e-05 |   2.207e-02 | 6.147e-06 |       1.138e+01 |        7.696e-01 |         3.240e+02 |           4.361e-01 |        6.034e-01 |        2.456e+00 | 4.549e+01 |     -0.000e+00 |      1.014e+01 |
| tuned_phis_a099 | 1.203e-03 | 2.306e-03 | 1.116e-04 | 2.598e-04 | 4.214e-01 | 1.839e-01 |    1.937e-05 |   2.652e-02 | 5.627e-06 |       1.481e+01 |        2.043e-01 |         7.607e+02 |           6.024e-01 |        8.084e-01 |        2.854e+00 | 9.460e+01 |     -4.000e-06 |      1.070e+01 |
| tuned_phis_a100 | 7.286e-04 | 2.403e-03 | 5.352e-05 | 2.362e-04 | 4.290e-01 | 1.222e-01 |    2.600e-05 |   4.200e-02 | 7.787e-06 |       7.639e+00 |        6.459e-01 |         5.471e+02 |           3.539e-01 |        6.409e-01 |        1.847e+00 | 2.505e+01 |     -0.000e+00 |      1.255e+01 |
+-----------------+-----------+-----------+-----------+-----------+-----------+-----------+--------------+-------------+-----------+-----------------+------------------+-------------------+---------------------+------------------+------------------+-----------+----------------+----------------+