+-----------------+-----------+-----------+-----------+-----------+-----------+-----------+--------------+-------------+-----------+-----------------+------------------+-------------------+---------------------+------------------+------------------+-----------+----------------+----------------+-------------+-------------+-------------+-------------+-------------+-------------+-------------+-------------+
| Experiment      |    RPRCON |   ENTRORG |   DETRPEN |    ENTRDD |   RMFDEPS |     RVICE |   RLCRITSNOW |   RSNOWLIN2 |   RCLDIFF |   RCLDIFF_CONVI |   RDEPLIQREFRATE |   RDEPLIQREFDEPTH |   RCL_OVERLAPLIQICE |   RCL_INHOMOGAUT |   RCL_INHOMOGACC |   RMINICE |   net_toa_Bias |   net_toa_RMSE |   rsnt_Bias |   rsnt_RMSE |   rlnt_Bias |   rlnt_RMSE |   swcf_Bias |   swcf_RMSE |   lwcf_Bias |   lwcf_RMSE |
|-----------------+-----------+-----------+-----------+-----------+-----------+-----------+--------------+-------------+-----------+-----------------+------------------+-------------------+---------------------+------------------+------------------+-----------+----------------+----------------+-------------+-------------+-------------+-------------+-------------+-------------+-------------+-------------|
| REFERENCE_OIFS  | 1.400e-03 | 1.750e-03 | 7.500e-05 | 3.000e-04 | 3.000e-01 | 1.300e-01 |    2.000e-05 |   3.000e-02 | 6.000e-06 |       1.000e+01 |        5.000e-01 |         5.000e+02 |           6.500e-01 |        1.500e+00 |        3.000e+00 | 6.000e+01 |    nan         |    nan         | nan         | nan         | nan         | nan         | nan         | nan         | nan         | nan         |
| tuned_phis_a000 | 1.338e-03 | 1.453e-03 | 1.135e-04 | 2.784e-04 | 4.133e-01 | 2.080e-01 |    1.818e-05 |   2.025e-02 | 2.849e-06 |       9.574e+00 |        7.160e-01 |         5.026e+02 |           5.767e-01 |        1.599e+00 |        2.824e+00 | 4.994e+01 |      3.707e+00 |      9.894e+00 |  -1.248e+00 |   1.025e+01 |   4.954e+00 |   9.236e+00 |   6.855e-01 |   1.087e+01 |  -5.135e+00 |   7.874e+00 |
| tuned_phis_a010 | 1.359e-03 | 1.473e-03 | 1.133e-04 | 2.693e-04 | 4.089e-01 | 2.080e-01 |    1.799e-05 |   2.036e-02 | 2.746e-06 |       9.292e+00 |        7.148e-01 |         4.948e+02 |           5.566e-01 |        1.567e+00 |        2.778e+00 | 4.991e+01 |      3.428e+00 |      9.839e+00 |  -1.431e+00 |   1.029e+01 |   4.859e+00 |   9.208e+00 |   5.013e-01 |   1.089e+01 |  -5.191e+00 |   7.919e+00 |
| tuned_phis_a020 | 1.398e-03 | 1.493e-03 | 1.132e-04 | 2.583e-04 | 4.045e-01 | 2.080e-01 |    1.768e-05 |   2.095e-02 | 2.645e-06 |       9.028e+00 |        7.098e-01 |         4.883e+02 |           5.364e-01 |        1.520e+00 |        2.697e+00 | 5.021e+01 |      3.077e+00 |      9.793e+00 |  -1.667e+00 |   1.035e+01 |   4.744e+00 |   9.179e+00 |   2.662e-01 |   1.092e+01 |  -5.253e+00 |   7.975e+00 |
| tuned_phis_a030 | 1.532e-03 | 1.478e-03 | 1.160e-04 | 2.403e-04 | 3.904e-01 | 2.079e-01 |    1.697e-05 |   2.258e-02 | 2.525e-06 |       8.543e+00 |        7.019e-01 |         4.723e+02 |           5.001e-01 |        1.474e+00 |        2.470e+00 | 4.836e+01 |      2.634e+00 |      9.798e+00 |  -1.933e+00 |   1.043e+01 |   4.567e+00 |   9.169e+00 |   9.000e-06 |   1.097e+01 |  -5.301e+00 |   8.063e+00 |
| tuned_phis_a040 | 1.658e-03 | 1.627e-03 | 1.143e-04 | 2.502e-04 | 4.164e-01 | 2.079e-01 |    1.668e-05 |   2.571e-02 | 2.400e-06 |       7.809e+00 |        7.096e-01 |         4.752e+02 |           4.519e-01 |        1.370e+00 |        2.598e+00 | 5.299e+01 |      2.074e+00 |      9.841e+00 |  -1.946e+00 |   1.051e+01 |   4.021e+00 |   9.135e+00 |   3.600e-05 |   1.106e+01 |  -5.645e+00 |   8.419e+00 |
| tuned_phis_a050 | 1.863e-03 | 1.521e-03 | 1.177e-04 | 1.941e-04 | 3.486e-01 | 2.077e-01 |    1.673e-05 |   2.158e-02 | 2.911e-06 |       8.080e+00 |        6.534e-01 |         4.344e+02 |           5.899e-01 |        1.884e+00 |        1.646e+00 | 4.009e+01 |      1.352e+00 |      1.023e+01 |  -1.989e+00 |   1.074e+01 |   3.341e+00 |   8.994e+00 |  -0.000e+00 |   1.130e+01 |  -6.198e+00 |   8.876e+00 |
| tuned_phis_a060 | 2.073e-03 | 2.005e-03 | 1.052e-04 | 1.349e-04 | 4.046e-01 | 2.073e-01 |    1.930e-05 |   2.437e-02 | 2.400e-06 |       4.312e+00 |        7.102e-01 |         4.426e+02 |           4.495e-01 |        7.399e-01 |        3.092e+00 | 3.650e+01 |      6.911e-01 |      1.061e+01 |  -1.940e+00 |   1.097e+01 |   2.631e+00 |   9.902e+00 |  -0.000e+00 |   1.154e+01 |  -6.188e+00 |   9.501e+00 |
| tuned_phis_a070 | 1.357e-03 | 1.899e-03 | 9.693e-05 | 3.064e-04 | 3.206e-01 | 1.964e-01 |    1.329e-05 |   1.550e-02 | 2.651e-06 |       5.795e+00 |        6.772e-01 |         3.999e+02 |           6.114e-01 |        1.515e+00 |        2.060e+00 | 6.611e+01 |     -6.000e-06 |      1.035e+01 |  -1.982e+00 |   1.115e+01 |   1.982e+00 |   9.289e+00 |   3.000e-05 |   1.175e+01 |  -7.720e+00 |   1.016e+01 |
| tuned_phis_a080 | 2.218e-03 | 2.664e-03 | 1.090e-04 | 1.960e-04 | 4.595e-01 | 1.611e-01 |    1.665e-05 |   3.851e-02 | 3.739e-06 |       5.174e+00 |        5.611e-01 |         4.010e+02 |           8.608e-01 |        1.725e+00 |        3.081e+00 | 7.240e+01 |     -8.000e-06 |      1.215e+01 |  -2.033e+00 |   1.192e+01 |   2.033e+00 |   1.073e+01 |   5.070e-04 |   1.255e+01 |  -6.439e+00 |   1.012e+01 |
| tuned_phis_a090 | 2.197e-03 | 2.570e-03 | 4.943e-05 | 1.430e-04 | 2.880e-01 | 1.731e-01 |    2.480e-05 |   3.485e-02 | 4.755e-06 |       5.047e+00 |        7.578e-01 |         3.050e+02 |           4.640e-01 |        1.027e+00 |        2.767e+00 | 6.928e+01 |     -7.850e-04 |      1.198e+01 |  -1.296e+00 |   1.210e+01 |   1.295e+00 |   1.168e+01 |   6.225e-01 |   1.274e+01 |  -6.891e+00 |   1.090e+01 |
| tuned_phis_a095 | 2.236e-03 | 2.636e-03 | 1.082e-04 | 1.598e-04 | 2.537e-01 | 1.347e-01 |    1.935e-05 |   2.059e-02 | 3.476e-06 |       6.810e+00 |        3.477e-01 |         2.791e+02 |           9.013e-01 |        1.266e+00 |        2.925e+00 | 3.690e+01 |      8.000e-06 |      1.253e+01 |  -1.944e+00 |   1.228e+01 |   1.944e+00 |   1.178e+01 |  -1.000e-05 |   1.288e+01 |  -6.121e+00 |   1.036e+01 |
| tuned_phis_a099 | 2.232e-03 | 2.581e-03 | 5.831e-05 | 3.338e-04 | 1.339e-01 | 1.948e-01 |    2.859e-05 |   2.005e-02 | 2.474e-06 |       4.571e+00 |        2.028e-01 |         2.316e+02 |           2.998e-01 |        1.693e+00 |        2.641e+00 | 2.400e+01 |     -0.000e+00 |      1.244e+01 |  -1.546e+00 |   1.310e+01 |   1.546e+00 |   1.352e+01 |   3.244e-01 |   1.362e+01 |  -6.041e+00 |   1.118e+01 |
| tuned_phis_a100 | 2.240e-03 | 2.652e-03 | 6.644e-05 | 3.886e-04 | 1.783e-01 | 9.421e-02 |    2.072e-05 |   1.985e-02 | 3.349e-06 |       4.008e+00 |        2.233e-01 |         2.000e+02 |           7.429e-01 |        7.027e-01 |        2.522e+00 | 4.692e+01 |     -0.000e+00 |      1.301e+01 |  -1.786e+00 |   1.339e+01 |   1.786e+00 |   1.346e+01 |   7.575e-02 |   1.394e+01 |  -6.050e+00 |   1.125e+01 |
+-----------------+-----------+-----------+-----------+-----------+-----------+-----------+--------------+-------------+-----------+-----------------+------------------+-------------------+---------------------+------------------+------------------+-----------+----------------+----------------+-------------+-------------+-------------+-------------+-------------+-------------+-------------+-------------+