+-----------------+-----------+-----------+-----------+-----------+-----------+-----------+--------------+-------------+-----------+-----------------+------------------+-------------------+---------------------+------------------+------------------+-----------+----------------+----------------+-------------+-------------+-------------+-------------+
| Experiment      |    RPRCON |   ENTRORG |   DETRPEN |    ENTRDD |   RMFDEPS |     RVICE |   RLCRITSNOW |   RSNOWLIN2 |   RCLDIFF |   RCLDIFF_CONVI |   RDEPLIQREFRATE |   RDEPLIQREFDEPTH |   RCL_OVERLAPLIQICE |   RCL_INHOMOGAUT |   RCL_INHOMOGACC |   RMINICE |   net_toa_Bias |   net_toa_RMSE |   rsnt_Bias |   rsnt_RMSE |   rlnt_Bias |   rlnt_RMSE |
|-----------------+-----------+-----------+-----------+-----------+-----------+-----------+--------------+-------------+-----------+-----------------+------------------+-------------------+---------------------+------------------+------------------+-----------+----------------+----------------+-------------+-------------+-------------+-------------|
| REFERENCE_OIFS  | 1.400e-03 | 1.750e-03 | 7.500e-05 | 3.000e-04 | 3.000e-01 | 1.300e-01 |    2.000e-05 |   3.000e-02 | 6.000e-06 |       1.000e+01 |        5.000e-01 |         5.000e+02 |           6.500e-01 |        1.500e+00 |        3.000e+00 | 6.000e+01 |    nan         |    nan         | nan         | nan         | nan         | nan         |
| tuned_phis_a000 | 1.053e-03 | 1.312e-03 | 1.199e-04 | 2.337e-04 | 3.963e-01 | 2.080e-01 |    1.275e-05 |   1.207e-02 | 3.642e-06 |       1.035e+01 |        7.039e-01 |         5.088e+02 |           5.253e-01 |        1.524e+00 |        2.366e+00 | 7.606e+01 |      2.499e+00 |      9.425e+00 |   3.972e-02 |   1.044e+01 |   2.459e+00 |   8.424e+00 |
| tuned_phis_a010 | 1.208e-03 | 1.212e-03 | 1.199e-04 | 2.151e-04 | 3.752e-01 | 2.079e-01 |    1.022e-05 |   1.350e-02 | 4.559e-06 |       1.072e+01 |        6.898e-01 |         4.946e+02 |           5.150e-01 |        1.583e+00 |        1.645e+00 | 7.784e+01 |      1.781e+00 |      9.472e+00 |  -4.900e-05 |   1.062e+01 |   1.781e+00 |   8.377e+00 |
| tuned_phis_a020 | 1.186e-03 | 1.450e-03 | 1.183e-04 | 1.795e-04 | 3.894e-01 | 2.079e-01 |    1.055e-05 |   1.748e-02 | 3.250e-06 |       8.621e+00 |        7.136e-01 |         4.909e+02 |           4.762e-01 |        1.025e+00 |        2.503e+00 | 8.889e+01 |      1.483e+00 |      9.406e+00 |  -3.000e-06 |   1.060e+01 |   1.483e+00 |   8.658e+00 |
| tuned_phis_a030 | 1.250e-03 | 1.518e-03 | 1.096e-04 | 1.865e-04 | 4.293e-01 | 2.079e-01 |    8.396e-06 |   1.546e-02 | 4.194e-06 |       9.529e+00 |        6.520e-01 |         4.874e+02 |           5.050e-01 |        1.496e+00 |        2.042e+00 | 8.760e+01 |      6.755e-01 |      9.559e+00 |  -7.000e-06 |   1.084e+01 |   6.755e-01 |   8.782e+00 |
| tuned_phis_a040 | 1.770e-03 | 1.827e-03 | 1.175e-04 | 2.416e-04 | 4.631e-01 | 2.034e-01 |    1.873e-05 |   2.304e-02 | 4.116e-06 |       9.548e+00 |        7.320e-01 |         5.285e+02 |           3.966e-01 |        1.204e+00 |        2.193e+00 | 9.058e+01 |      2.120e-04 |      1.021e+01 |  -4.600e-05 |   1.115e+01 |   2.530e-04 |   9.698e+00 |
| tuned_phis_a050 | 1.352e-03 | 2.020e-03 | 9.941e-05 | 1.263e-04 | 3.544e-01 | 2.028e-01 |    1.124e-05 |   1.763e-02 | 4.363e-06 |       7.750e+00 |        6.449e-01 |         4.342e+02 |           6.337e-01 |        1.819e+00 |        2.434e+00 | 8.781e+01 |      4.600e-05 |      1.029e+01 |  -0.000e+00 |   1.113e+01 |   4.000e-05 |   9.531e+00 |
| tuned_phis_a060 | 1.548e-03 | 2.223e-03 | 8.870e-05 | 1.623e-04 | 4.788e-01 | 2.032e-01 |    1.013e-05 |   1.278e-02 | 4.815e-06 |       6.802e+00 |        7.660e-01 |         4.665e+02 |           2.654e-01 |        1.054e+00 |        3.488e+00 | 6.118e+01 |      6.000e-06 |      1.021e+01 |  -0.000e+00 |   1.113e+01 |   0.000e+00 |   1.016e+01 |
| tuned_phis_a070 | 1.953e-03 | 2.561e-03 | 1.070e-04 | 2.135e-04 | 4.527e-01 | 1.925e-01 |    1.193e-05 |   1.508e-02 | 8.099e-06 |       4.190e+00 |        5.236e-01 |         5.914e+02 |           4.379e-01 |        1.351e+00 |        3.408e+00 | 4.087e+01 |     -7.120e-04 |      1.117e+01 |  -5.940e-04 |   1.155e+01 |  -1.240e-04 |   1.102e+01 |
| tuned_phis_a080 | 1.891e-03 | 1.978e-03 | 7.576e-05 | 3.513e-04 | 3.890e-01 | 1.904e-01 |    1.634e-05 |   1.622e-02 | 5.206e-06 |       9.202e+00 |        5.691e-01 |         4.104e+02 |           4.619e-01 |        1.101e+00 |        1.944e+00 | 6.012e+01 |     -9.000e-06 |      1.061e+01 |  -6.000e-06 |   1.149e+01 |  -8.000e-06 |   1.039e+01 |
| tuned_phis_a090 | 1.802e-03 | 2.363e-03 | 1.013e-04 | 1.792e-04 | 4.399e-01 | 1.815e-01 |    2.448e-05 |   1.408e-02 | 6.785e-06 |       7.533e+00 |        5.421e-01 |         3.508e+02 |           3.304e-01 |        6.537e-01 |        3.329e+00 | 6.703e+01 |     -1.140e-03 |      1.074e+01 |  -6.110e-04 |   1.150e+01 |  -5.350e-04 |   1.092e+01 |
| tuned_phis_a095 | 1.627e-03 | 2.484e-03 | 9.727e-05 | 3.441e-04 | 3.446e-01 | 1.816e-01 |    1.572e-05 |   1.439e-02 | 9.514e-06 |       7.470e+00 |        6.801e-01 |         5.350e+02 |           4.571e-01 |        1.491e+00 |        2.511e+00 | 6.519e+01 |      0.000e+00 |      1.103e+01 |  -3.000e-06 |   1.189e+01 |  -3.000e-06 |   1.089e+01 |
| tuned_phis_a099 | 1.785e-03 | 2.320e-03 | 5.596e-05 | 1.908e-04 | 4.609e-01 | 1.483e-01 |    2.190e-05 |   1.419e-02 | 4.653e-06 |       4.109e+00 |        4.589e-01 |         3.834e+02 |           4.135e-01 |        1.049e+00 |        3.067e+00 | 7.502e+01 |     -4.600e-05 |      1.077e+01 |  -1.200e-03 |   1.167e+01 |   1.148e-03 |   1.108e+01 |
| tuned_phis_a100 | 1.206e-03 | 1.944e-03 | 3.395e-05 | 1.344e-04 | 3.322e-01 | 1.995e-01 |    8.633e-06 |   1.274e-02 | 6.621e-06 |       1.585e+01 |        2.488e-01 |         7.705e+02 |           9.093e-01 |        1.133e+00 |        1.784e+00 | 7.802e+01 |      4.000e-06 |      1.077e+01 |  -0.000e+00 |   1.206e+01 |  -1.000e-06 |   1.021e+01 |
+-----------------+-----------+-----------+-----------+-----------+-----------+-----------+--------------+-------------+-----------+-----------------+------------------+-------------------+---------------------+------------------+------------------+-----------+----------------+----------------+-------------+-------------+-------------+-------------+