DETRPEN: 7.5e-05
ENTRDD: 0.0003
ENTRORG: 0.00175
RCLDIFF: 2.4000000000000003e-06
RCLDIFF_CONVI: 7.0
RLCRITSNOW: 3.0e-05
RMFDEPS: 0.3
RPRCON: 0.0014
RSNOWLIN2: 0.03
RVICE: 0.13
