+-----------------+-----------+-----------+-----------+-----------+-----------+-----------+--------------+-------------+-----------+-----------------+------------------+-------------------+---------------------+------------------+------------------+-----------+----------------+----------------+-------------+-------------+
| Experiment      |    RPRCON |   ENTRORG |   DETRPEN |    ENTRDD |   RMFDEPS |     RVICE |   RLCRITSNOW |   RSNOWLIN2 |   RCLDIFF |   RCLDIFF_CONVI |   RDEPLIQREFRATE |   RDEPLIQREFDEPTH |   RCL_OVERLAPLIQICE |   RCL_INHOMOGAUT |   RCL_INHOMOGACC |   RMINICE |   net_toa_Bias |   net_toa_RMSE |   lwcf_Bias |   lwcf_RMSE |
|-----------------+-----------+-----------+-----------+-----------+-----------+-----------+--------------+-------------+-----------+-----------------+------------------+-------------------+---------------------+------------------+------------------+-----------+----------------+----------------+-------------+-------------|
| REFERENCE_OIFS  | 1.400e-03 | 1.750e-03 | 7.500e-05 | 3.000e-04 | 3.000e-01 | 1.300e-01 |    2.000e-05 |   3.000e-02 | 6.000e-06 |       1.000e+01 |        5.000e-01 |         5.000e+02 |           6.500e-01 |        1.500e+00 |        3.000e+00 | 6.000e+01 |    nan         |    nan         | nan         | nan         |
| tuned_phis_a000 | 9.212e-04 | 1.527e-03 | 1.197e-04 | 2.382e-04 | 4.800e-01 | 2.079e-01 |    1.601e-05 |   1.919e-02 | 4.224e-06 |       8.585e+00 |        6.253e-01 |         4.578e+02 |           2.602e-01 |        1.377e+00 |        2.349e+00 | 3.248e+01 |      1.555e+00 |      9.503e+00 |  -1.775e+00 |   6.466e+00 |
| tuned_phis_a010 | 8.571e-04 | 1.550e-03 | 1.197e-04 | 2.267e-04 | 4.799e-01 | 2.079e-01 |    1.697e-05 |   1.797e-02 | 4.132e-06 |       8.181e+00 |        6.079e-01 |         4.453e+02 |           2.602e-01 |        1.314e+00 |        2.116e+00 | 2.927e+01 |      8.150e-01 |      9.639e+00 |  -1.276e+00 |   6.398e+00 |
| tuned_phis_a020 | 9.021e-04 | 1.547e-03 | 1.200e-04 | 2.188e-04 | 4.798e-01 | 2.076e-01 |    1.768e-05 |   1.983e-02 | 3.436e-06 |       7.840e+00 |        5.819e-01 |         4.203e+02 |           2.602e-01 |        1.326e+00 |        1.742e+00 | 2.691e+01 |      0.000e+00 |      9.927e+00 |  -6.399e-01 |   6.369e+00 |
| tuned_phis_a030 | 7.646e-04 | 1.803e-03 | 1.145e-04 | 2.208e-04 | 4.793e-01 | 1.803e-01 |    1.662e-05 |   1.947e-02 | 4.896e-06 |       7.513e+00 |        5.781e-01 |         4.186e+02 |           2.606e-01 |        1.446e+00 |        1.982e+00 | 3.041e+01 |     -0.000e+00 |      1.010e+01 |  -2.630e-04 |   6.504e+00 |
| tuned_phis_a040 | 1.389e-03 | 1.741e-03 | 1.033e-04 | 1.421e-04 | 4.682e-01 | 1.654e-01 |    2.534e-05 |   2.581e-02 | 5.114e-06 |       7.561e+00 |        6.073e-01 |         4.324e+02 |           3.046e-01 |        1.117e+00 |        1.513e+00 | 2.666e+01 |     -0.000e+00 |      1.057e+01 |  -6.400e-05 |   6.461e+00 |
| tuned_phis_a050 | 8.263e-04 | 2.018e-03 | 1.107e-04 | 2.882e-04 | 4.693e-01 | 2.078e-01 |    2.560e-05 |   2.887e-02 | 2.603e-06 |       7.549e+00 |        6.180e-01 |         4.448e+02 |           4.425e-01 |        8.744e-01 |        2.599e+00 | 4.885e+01 |     -1.142e-03 |      1.043e+01 |  -3.940e-04 |   6.583e+00 |
| tuned_phis_a060 | 7.078e-04 | 2.191e-03 | 1.067e-04 | 1.622e-04 | 4.466e-01 | 1.744e-01 |    2.865e-05 |   1.465e-02 | 7.038e-06 |       1.210e+01 |        6.072e-01 |         4.942e+02 |           3.731e-01 |        1.908e+00 |        2.153e+00 | 2.941e+01 |     -1.150e-03 |      1.076e+01 |  -3.540e-04 |   6.565e+00 |
| tuned_phis_a070 | 1.067e-03 | 1.937e-03 | 1.116e-04 | 2.037e-04 | 4.173e-01 | 2.013e-01 |    8.408e-06 |   4.311e-02 | 5.530e-06 |       4.792e+00 |        6.963e-01 |         3.734e+02 |           2.853e-01 |        2.028e+00 |        1.647e+00 | 5.399e+01 |     -3.620e-04 |      1.049e+01 |   1.253e-02 |   7.000e+00 |
| tuned_phis_a080 | 1.045e-03 | 2.523e-03 | 1.019e-04 | 4.799e-04 | 4.572e-01 | 1.649e-01 |    9.490e-06 |   4.051e-02 | 4.374e-06 |       1.124e+01 |        4.655e-01 |         2.158e+02 |           6.276e-01 |        1.517e+00 |        2.502e+00 | 5.763e+01 |     -8.460e-04 |      1.148e+01 |  -3.012e-03 |   7.150e+00 |
| tuned_phis_a090 | 9.322e-04 | 2.431e-03 | 1.114e-04 | 1.528e-04 | 3.485e-01 | 1.889e-01 |    1.644e-05 |   2.527e-02 | 4.313e-06 |       1.523e+01 |        3.189e-01 |         5.602e+02 |           8.230e-01 |        1.812e+00 |        2.561e+00 | 2.555e+01 |     -3.630e-04 |      1.148e+01 |   7.000e-05 |   7.088e+00 |
| tuned_phis_a095 | 1.476e-03 | 2.151e-03 | 4.964e-05 | 1.959e-04 | 3.876e-01 | 1.440e-01 |    8.837e-06 |   4.418e-02 | 8.252e-06 |       4.210e+00 |        4.394e-01 |         6.395e+02 |           2.932e-01 |        1.300e+00 |        1.395e+00 | 4.729e+01 |     -2.265e-03 |      1.138e+01 |  -3.050e-04 |   7.553e+00 |
| tuned_phis_a099 | 1.802e-03 | 2.734e-03 | 7.075e-05 | 4.107e-04 | 3.911e-01 | 6.824e-02 |    2.929e-05 |   4.508e-02 | 6.240e-06 |       1.198e+01 |        7.064e-01 |         2.968e+02 |           4.230e-01 |        1.343e+00 |        1.753e+00 | 7.592e+01 |     -0.000e+00 |      1.304e+01 |   8.000e-06 |   8.269e+00 |
| tuned_phis_a100 | 9.553e-04 | 2.457e-03 | 3.138e-05 | 1.589e-04 | 3.120e-01 | 1.104e-01 |    1.479e-05 |   2.026e-02 | 4.083e-06 |       4.113e+00 |        7.669e-01 |         7.065e+02 |           3.030e-01 |        1.744e+00 |        2.395e+00 | 3.154e+01 |     -3.000e-06 |      1.137e+01 |   0.000e+00 |   7.796e+00 |
+-----------------+-----------+-----------+-----------+-----------+-----------+-----------+--------------+-------------+-----------+-----------------+------------------+-------------------+---------------------+------------------+------------------+-----------+----------------+----------------+-------------+-------------+