+-----------------+-----------+-----------+-----------+-----------+-----------+-----------+--------------+-------------+-----------+-----------------+------------------+-------------------+---------------------+------------------+------------------+-----------+----------------+----------------+
| Experiment      |    RPRCON |   ENTRORG |   DETRPEN |    ENTRDD |   RMFDEPS |     RVICE |   RLCRITSNOW |   RSNOWLIN2 |   RCLDIFF |   RCLDIFF_CONVI |   RDEPLIQREFRATE |   RDEPLIQREFDEPTH |   RCL_OVERLAPLIQICE |   RCL_INHOMOGAUT |   RCL_INHOMOGACC |   RMINICE |   net_toa_Bias |   net_toa_RMSE |
|-----------------+-----------+-----------+-----------+-----------+-----------+-----------+--------------+-------------+-----------+-----------------+------------------+-------------------+---------------------+------------------+------------------+-----------+----------------+----------------|
| REFERENCE_OIFS  | 1.400e-03 | 1.750e-03 | 7.500e-05 | 3.000e-04 | 3.000e-01 | 1.300e-01 |    2.000e-05 |   3.000e-02 | 6.000e-06 |       1.000e+01 |        5.000e-01 |         5.000e+02 |           6.500e-01 |        1.500e+00 |        3.000e+00 | 6.000e+01 |    nan         |    nan         |
| tuned_phis_a000 | 6.121e-04 | 1.431e-03 | 1.044e-04 | 1.618e-04 | 4.798e-01 | 1.995e-01 |    8.494e-06 |   1.342e-02 | 3.163e-06 |       8.289e+00 |        5.779e-01 |         4.030e+02 |           2.600e-01 |        1.104e+00 |        3.042e+00 | 8.159e+01 |      1.168e+00 |      9.219e+00 |
| tuned_phis_a010 | 5.928e-04 | 1.428e-03 | 1.015e-04 | 1.567e-04 | 4.799e-01 | 2.080e-01 |    8.155e-06 |   1.247e-02 | 3.028e-06 |       8.015e+00 |        5.667e-01 |         3.815e+02 |           2.605e-01 |        1.010e+00 |        2.793e+00 | 8.231e+01 |      3.113e-01 |      9.267e+00 |
| tuned_phis_a020 | 7.924e-04 | 1.347e-03 | 1.131e-04 | 1.828e-04 | 4.637e-01 | 2.024e-01 |    1.279e-05 |   1.649e-02 | 3.006e-06 |       1.000e+01 |        6.161e-01 |         3.949e+02 |           2.605e-01 |        1.101e+00 |        2.192e+00 | 8.727e+01 |      0.000e+00 |      9.359e+00 |
| tuned_phis_a030 | 6.477e-04 | 2.010e-03 | 8.831e-05 | 1.587e-04 | 4.690e-01 | 2.064e-01 |    8.135e-06 |   2.601e-02 | 4.800e-06 |       1.032e+01 |        5.796e-01 |         4.942e+02 |           2.606e-01 |        1.106e+00 |        3.414e+00 | 9.412e+01 |     -3.000e-06 |      9.580e+00 |
| tuned_phis_a040 | 7.401e-04 | 2.006e-03 | 1.072e-04 | 1.639e-04 | 4.006e-01 | 1.842e-01 |    1.034e-05 |   2.695e-02 | 3.922e-06 |       1.210e+01 |        6.194e-01 |         4.693e+02 |           2.626e-01 |        1.732e+00 |        2.968e+00 | 8.959e+01 |     -1.990e-04 |      9.787e+00 |
| tuned_phis_a050 | 1.104e-03 | 1.449e-03 | 9.428e-05 | 1.331e-04 | 4.315e-01 | 1.382e-01 |    1.165e-05 |   2.173e-02 | 2.514e-06 |       9.370e+00 |        5.248e-01 |         3.921e+02 |           3.303e-01 |        2.267e+00 |        1.486e+00 | 8.115e+01 |     -3.000e-06 |      9.780e+00 |
| tuned_phis_a060 | 9.190e-04 | 1.662e-03 | 8.837e-05 | 2.053e-04 | 4.237e-01 | 1.818e-01 |    1.096e-05 |   1.321e-02 | 6.171e-06 |       6.982e+00 |        4.732e-01 |         3.648e+02 |           2.666e-01 |        1.737e+00 |        1.985e+00 | 3.575e+01 |     -0.000e+00 |      9.705e+00 |
| tuned_phis_a070 | 8.300e-04 | 1.648e-03 | 1.147e-04 | 3.992e-04 | 4.401e-01 | 1.984e-01 |    1.321e-05 |   1.241e-02 | 4.591e-06 |       9.284e+00 |        4.394e-01 |         4.305e+02 |           4.484e-01 |        1.492e+00 |        2.236e+00 | 8.352e+01 |     -0.000e+00 |      9.668e+00 |
| tuned_phis_a080 | 9.258e-04 | 2.107e-03 | 1.093e-04 | 1.287e-04 | 3.979e-01 | 9.252e-02 |    1.457e-05 |   1.205e-02 | 5.306e-06 |       1.497e+01 |        4.148e-01 |         6.916e+02 |           3.282e-01 |        1.398e+00 |        2.914e+00 | 8.472e+01 |     -2.100e-05 |      1.010e+01 |
| tuned_phis_a090 | 1.238e-03 | 1.575e-03 | 5.312e-05 | 2.519e-04 | 4.606e-01 | 2.033e-01 |    2.138e-05 |   1.756e-02 | 8.497e-06 |       8.937e+00 |        6.959e-01 |         2.081e+02 |           3.511e-01 |        9.421e-01 |        1.654e+00 | 8.301e+01 |     -0.000e+00 |      9.961e+00 |
| tuned_phis_a095 | 1.274e-03 | 1.739e-03 | 1.173e-04 | 3.128e-04 | 3.760e-01 | 1.864e-01 |    2.417e-05 |   1.352e-02 | 3.390e-06 |       6.806e+00 |        6.029e-01 |         4.346e+02 |           9.362e-01 |        1.886e+00 |        2.149e+00 | 9.433e+01 |     -4.300e-05 |      1.035e+01 |
| tuned_phis_a099 | 1.912e-03 | 1.832e-03 | 9.686e-05 | 1.261e-04 | 3.811e-01 | 1.685e-01 |    1.793e-05 |   1.262e-02 | 9.364e-06 |       1.009e+01 |        6.697e-01 |         6.033e+02 |           5.004e-01 |        2.174e+00 |        1.653e+00 | 5.021e+01 |     -0.000e+00 |      1.062e+01 |
| tuned_phis_a100 | 2.047e-03 | 2.658e-03 | 7.018e-05 | 1.230e-04 | 1.862e-01 | 1.105e-01 |    2.192e-05 |   4.670e-02 | 3.588e-06 |       7.559e+00 |        3.502e-01 |         3.550e+02 |           2.892e-01 |        1.752e+00 |        3.067e+00 | 4.718e+01 |     -0.000e+00 |      1.258e+01 |
+-----------------+-----------+-----------+-----------+-----------+-----------+-----------+--------------+-------------+-----------+-----------------+------------------+-------------------+---------------------+------------------+------------------+-----------+----------------+----------------+