+-----------------+-----------+-----------+-----------+-----------+-----------+-----------+--------------+-------------+-----------+-----------------+------------------+-------------------+---------------------+------------------+------------------+-----------+----------------+----------------+-------------+-------------+
| Experiment      |    RPRCON |   ENTRORG |   DETRPEN |    ENTRDD |   RMFDEPS |     RVICE |   RLCRITSNOW |   RSNOWLIN2 |   RCLDIFF |   RCLDIFF_CONVI |   RDEPLIQREFRATE |   RDEPLIQREFDEPTH |   RCL_OVERLAPLIQICE |   RCL_INHOMOGAUT |   RCL_INHOMOGACC |   RMINICE |   net_toa_Bias |   net_toa_RMSE |   rlnt_Bias |   rlnt_RMSE |
|-----------------+-----------+-----------+-----------+-----------+-----------+-----------+--------------+-------------+-----------+-----------------+------------------+-------------------+---------------------+------------------+------------------+-----------+----------------+----------------+-------------+-------------|
| REFERENCE_OIFS  | 1.400e-03 | 1.750e-03 | 7.500e-05 | 3.000e-04 | 3.000e-01 | 1.300e-01 |    2.000e-05 |   3.000e-02 | 6.000e-06 |       1.000e+01 |        5.000e-01 |         5.000e+02 |           6.500e-01 |        1.500e+00 |        3.000e+00 | 6.000e+01 |    nan         |    nan         | nan         | nan         |
| tuned_phis_a000 | 1.101e-03 | 1.267e-03 | 1.198e-04 | 2.326e-04 | 4.323e-01 | 2.079e-01 |    1.822e-05 |   1.201e-02 | 5.557e-06 |       1.188e+01 |        6.516e-01 |         5.266e+02 |           6.201e-01 |        1.753e+00 |        1.766e+00 | 7.571e+01 |      1.375e+00 |      9.563e+00 |   1.878e+00 |   8.464e+00 |
| tuned_phis_a010 | 1.118e-03 | 1.274e-03 | 1.197e-04 | 2.251e-04 | 4.234e-01 | 2.077e-01 |    1.657e-05 |   1.207e-02 | 5.287e-06 |       1.169e+01 |        6.557e-01 |         5.121e+02 |           6.072e-01 |        1.732e+00 |        1.547e+00 | 7.998e+01 |      6.626e-01 |      9.594e+00 |   1.332e+00 |   8.504e+00 |
| tuned_phis_a020 | 1.110e-03 | 1.349e-03 | 1.198e-04 | 2.146e-04 | 4.234e-01 | 2.080e-01 |    1.473e-05 |   1.234e-02 | 4.887e-06 |       1.131e+01 |        6.599e-01 |         5.002e+02 |           5.993e-01 |        1.663e+00 |        1.585e+00 | 8.631e+01 |      3.000e-05 |      9.663e+00 |   6.372e-01 |   8.686e+00 |
| tuned_phis_a030 | 1.239e-03 | 1.580e-03 | 1.150e-04 | 2.299e-04 | 4.326e-01 | 1.986e-01 |    1.205e-05 |   1.393e-02 | 3.570e-06 |       1.121e+01 |        6.831e-01 |         4.876e+02 |           6.212e-01 |        1.889e+00 |        2.122e+00 | 8.369e+01 |     -1.900e-05 |      9.789e+00 |   4.400e-05 |   8.969e+00 |
| tuned_phis_a040 | 1.416e-03 | 1.625e-03 | 1.077e-04 | 1.446e-04 | 4.375e-01 | 1.958e-01 |    9.301e-06 |   1.478e-02 | 4.739e-06 |       9.005e+00 |        6.556e-01 |         4.610e+02 |           6.357e-01 |        1.403e+00 |        2.392e+00 | 7.001e+01 |     -0.000e+00 |      9.846e+00 |   6.600e-05 |   9.130e+00 |
| tuned_phis_a050 | 1.958e-03 | 1.516e-03 | 1.155e-04 | 2.497e-04 | 4.657e-01 | 1.690e-01 |    2.536e-05 |   1.299e-02 | 6.604e-06 |       9.482e+00 |        5.992e-01 |         4.251e+02 |           6.424e-01 |        2.044e+00 |        1.235e+00 | 5.583e+01 |     -0.000e+00 |      1.040e+01 |  -1.000e-06 |   9.343e+00 |
| tuned_phis_a060 | 1.723e-03 | 1.661e-03 | 1.046e-04 | 3.139e-04 | 4.471e-01 | 2.048e-01 |    9.360e-06 |   2.865e-02 | 8.319e-06 |       1.071e+01 |        6.077e-01 |         5.401e+02 |           4.973e-01 |        1.983e+00 |        1.355e+00 | 7.886e+01 |     -1.000e-06 |      1.020e+01 |  -7.000e-06 |   9.192e+00 |
| tuned_phis_a070 | 1.532e-03 | 1.917e-03 | 7.886e-05 | 2.752e-04 | 3.377e-01 | 1.722e-01 |    1.059e-05 |   1.966e-02 | 6.330e-06 |       1.165e+01 |        7.441e-01 |         3.998e+02 |           5.861e-01 |        1.875e+00 |        1.903e+00 | 7.110e+01 |     -0.000e+00 |      1.052e+01 |  -0.000e+00 |   9.669e+00 |
| tuned_phis_a080 | 1.757e-03 | 1.789e-03 | 9.990e-05 | 2.202e-04 | 3.875e-01 | 1.685e-01 |    1.715e-05 |   2.228e-02 | 5.769e-06 |       4.989e+00 |        6.899e-01 |         3.352e+02 |           5.695e-01 |        7.902e-01 |        2.396e+00 | 7.478e+01 |     -0.000e+00 |      1.027e+01 |   1.600e-05 |   9.678e+00 |
| tuned_phis_a090 | 1.411e-03 | 2.042e-03 | 1.085e-04 | 1.760e-04 | 2.940e-01 | 1.820e-01 |    1.789e-05 |   1.769e-02 | 2.409e-06 |       9.283e+00 |        7.400e-01 |         3.431e+02 |           1.017e+00 |        1.602e+00 |        2.916e+00 | 7.647e+01 |     -0.000e+00 |      1.076e+01 |  -0.000e+00 |   9.641e+00 |
| tuned_phis_a095 | 1.511e-03 | 1.252e-03 | 9.396e-05 | 1.756e-04 | 3.996e-01 | 1.721e-01 |    8.176e-06 |   1.422e-02 | 3.035e-06 |       4.552e+00 |        5.906e-01 |         3.898e+02 |           1.008e+00 |        1.806e+00 |        1.228e+00 | 7.461e+01 |     -0.000e+00 |      1.022e+01 |   1.000e-06 |   9.166e+00 |
| tuned_phis_a099 | 1.352e-03 | 2.396e-03 | 9.222e-05 | 3.892e-04 | 1.781e-01 | 1.756e-01 |    2.523e-05 |   1.681e-02 | 8.705e-06 |       5.516e+00 |        5.170e-01 |         5.771e+02 |           1.039e+00 |        1.797e+00 |        2.295e+00 | 7.290e+01 |     -0.000e+00 |      1.202e+01 |   2.000e-06 |   1.160e+01 |
| tuned_phis_a100 | 1.358e-03 | 1.826e-03 | 4.592e-05 | 1.387e-04 | 2.252e-01 | 1.638e-01 |    2.478e-05 |   1.995e-02 | 6.463e-06 |       9.968e+00 |        3.608e-01 |         6.336e+02 |           8.138e-01 |        8.608e-01 |        1.744e+00 | 9.440e+01 |     -0.000e+00 |      1.121e+01 |  -3.000e-06 |   1.067e+01 |
+-----------------+-----------+-----------+-----------+-----------+-----------+-----------+--------------+-------------+-----------+-----------------+------------------+-------------------+---------------------+------------------+------------------+-----------+----------------+----------------+-------------+-------------+